1	77.229243	16.831586
1	48.348893	91.075468
1	52.185181	91.778984
1	91.756699	56.845073
1	66.455739	57.639918
1	85.012271	69.677085
1	76.983786	79.338781
1	82.095420	83.142805
1	80.672431	36.054050
1	66.937047	65.888695
1	78.198180	5.302080
1	99.879642	20.362290
1	81.946329	85.955273
1	76.246024	99.613096
1	63.476612	78.536688
1	73.496518	14.619050
1	72.144454	92.414360
1	85.969947	91.776225
1	74.442989	2.406781
1	95.765579	87.239492
1	92.106294	9.623580
1	77.828584	44.163017
1	91.716597	70.642088
1	70.699408	14.576933
1	87.753653	45.266891
1	68.090524	97.376273
1	99.251526	20.382081
1	87.131084	40.621116
1	78.662162	81.305730
1	77.499084	64.892834
1	93.975347	75.654653
1	89.382894	12.889049
1	77.042733	48.931719
1	92.728659	55.951351
1	89.565219	29.766980
1	83.730309	54.361289
1	90.715042	39.150877
1	79.230338	46.533577
1	90.914218	86.304775
1	73.798573	40.108350
1	87.891361	8.983514
1	88.213600	99.752012
1	94.579910	76.205831
1	86.773608	50.400958
1	77.108266	17.396483
1	79.039359	6.689278
1	82.130010	74.405585
1	70.994495	16.138291
1	97.898090	0.903998
1	87.600175	92.572282
1	91.975782	18.013260
1	52.798522	77.654155
1	91.353933	30.982648
1	78.378400	46.234934
1	91.694383	45.951952
1	77.251242	30.523324
1	73.706388	84.725686
1	60.512383	49.666148
1	82.664529	17.094948
1	69.711252	27.254472
1	55.161720	72.684333
1	83.819465	81.809213
1	84.556244	75.859143
1	59.007372	96.030777
1	62.230631	45.643511
1	72.781199	16.419305
1	95.715926	98.468300
1	55.524461	81.327559
1	90.891932	68.352241
1	99.846547	67.319158
1	74.901916	9.398706
1	77.179733	26.735991
1	87.632314	34.128055
1	69.084947	71.834058
1	79.045040	38.370817
1	78.249641	14.361666
1	74.426784	36.183137
1	97.568774	25.349263
1	90.449410	35.997193
1	84.832491	58.866769
1	86.987562	54.389434
1	72.982060	39.120260
1	65.325119	76.577114
1	90.744677	93.577604
1	92.835741	97.310262
1	81.653910	72.913763
1	63.544659	44.195984
1	68.647061	30.872747
1	91.273186	10.600542
1	64.225523	97.204036
1	98.928689	49.149118
1	88.133857	75.896396
1	78.095188	91.849856
1	89.864918	28.821225
1	78.512863	47.302525
1	97.620942	76.342433
1	98.348471	51.649502
1	67.483534	38.679708
1	89.670019	49.099741
1	99.736270	51.436325
1	73.535222	26.819553
1	58.795926	71.449486
1	95.837850	46.861723
1	83.372111	99.905297
1	98.680082	8.958871
1	75.020567	41.577718
1	89.283648	83.925132
1	75.441386	59.222564
1	94.978436	63.592606
1	99.951757	10.782603
1	83.560271	29.006039
1	98.301608	70.183072
1	78.021219	10.642096
1	90.447137	18.080885
1	76.279810	88.411525
1	76.725167	74.803155
1	72.799063	48.485633
1	66.038078	86.214754
1	68.353352	65.697408
1	60.671595	72.843839
1	79.765992	47.345270
1	97.604326	33.821489
1	85.428394	36.928331
1	72.457593	28.472170
1	96.440376	24.352970
1	89.486336	69.066331
1	91.469991	8.877887
1	70.614986	54.139875
1	95.999189	6.389881
1	73.553586	14.094496
1	98.709333	95.838474
1	79.042562	75.534321
1	87.903111	20.830549
1	64.797705	98.505933
1	71.730968	74.648763
1	80.777840	33.450159
1	58.728981	93.849891
1	51.278586	88.893962
1	85.887925	8.080486
1	97.653520	0.176382
1	80.430089	74.923232
1	57.972633	99.318593
1	99.453123	99.001730
1	95.833167	52.780472
1	84.388090	75.361478
1	62.786405	78.151989
1	79.180325	88.474224
1	95.976056	61.788149
1	88.980735	38.349095
1	95.960268	71.376445
1	60.995212	51.909402
1	71.683687	56.189164
1	87.220763	21.595673
1	95.706181	28.009316
1	73.273180	84.282099
1	67.014732	28.436796
1	91.853932	66.191585
1	76.777308	4.585856
1	74.592182	37.875679
1	66.599993	60.105685
1	66.995191	61.842423
1	68.642277	63.244567
1	70.850657	56.070469
1	82.113026	96.503051
1	75.240087	83.860761
1	84.420263	65.673403
1	50.314792	96.944649
1	64.707389	48.413837
1	69.136418	89.497539
1	68.915281	96.969830
1	55.430427	76.705161
1	87.438865	75.283808
1	63.889158	67.073560
1	74.170168	9.072579
1	57.716376	96.315713
1	95.001050	1.462881
1	71.159514	51.083884
1	77.354426	41.357382
1	74.192840	85.775781
1	54.659541	68.689809
1	66.595019	68.588592
1	83.932396	0.993134
1	95.566583	39.861626
1	67.181557	72.186513
1	65.294951	68.744442
1	64.861470	75.415515
1	84.162936	37.607987
1	96.778208	9.806839
1	86.706941	39.468447
1	82.180381	46.051863
1	84.283957	48.255874
1	97.630544	79.908320
1	87.360902	75.637746
1	74.706604	17.382607
1	55.878704	79.262766
1	90.795337	17.086188
1	73.201139	42.641279
1	85.502048	18.795117
1	69.021899	51.007032
1	93.832426	79.496048
1	51.218667	86.218671
1	91.656559	9.275591
1	84.137705	7.446336
1	89.000303	42.322559
1	67.980857	73.289949
1	70.942246	88.835031
1	95.342862	29.473427
1	59.396344	87.427814
1	96.568633	81.921624
1	81.883773	12.881940
1	72.859938	12.102546
1	91.971295	16.748183
1	56.222400	85.865871
1	65.146757	92.166199
1	91.897670	78.040021
1	63.921979	44.640094
1	99.765658	55.537550
1	99.836765	54.737939
1	59.424233	76.359070
1	66.754274	57.563450
1	78.132588	16.926432
1	90.344404	4.671639
1	72.763431	91.747552
1	78.241650	64.630716
1	54.862490	90.367483
1	94.958007	54.784718
1	68.654708	21.356620
1	71.299529	29.865619
1	97.023446	39.074495
1	70.841814	55.584343
1	94.717486	13.362281
1	64.026178	64.330454
1	79.259087	29.185457
1	74.672872	2.907859
1	82.316748	26.898747
1	55.436102	78.763994
1	61.808851	99.616206
1	93.649041	60.984159
1	49.648984	93.534143
1	85.124350	0.421364
1	84.439507	23.804302
1	99.690742	79.195957
1	81.903528	38.602368
1	89.511733	16.803255
1	94.346779	62.052555
1	70.277133	77.332225
1	86.125602	58.381004
1	58.610118	97.727988
1	84.886298	64.212843
1	93.094203	48.087190
1	77.825918	79.897773
1	96.469823	37.626900
1	96.495581	83.687643
1	93.473889	17.825191
1	94.657386	23.333257
1	46.245337	98.309622
1	95.426839	53.571857
1	76.223006	48.336731
1	97.121982	33.234930
1	66.099542	57.344152
1	95.163298	63.513689
1	65.554188	55.253055
1	98.556409	10.315998
1	65.621427	65.252391
1	91.521179	72.423557
1	68.106194	76.121237
1	97.478920	85.915249
1	97.092893	13.311485
1	81.108614	41.784051
1	94.273676	99.034940
1	74.836506	11.983234
1	91.590384	22.259529
1	72.592688	62.407919
1	72.237641	31.883312
1	95.687248	47.904565
1	97.122736	23.776519
1	76.392256	60.919006
1	53.671099	99.233974
1	83.206281	14.942159
1	61.039502	72.883611
1	92.337890	41.152588
1	89.200993	41.386572
1	67.006398	91.980438
1	97.898691	58.324918
1	93.260133	73.199217
1	92.205079	65.907256
1	74.196372	26.776402
1	78.278685	74.735571
1	86.714702	91.756650
1	86.025689	94.884331
1	81.290149	1.759772
1	72.579207	79.394650
1	61.343291	54.565756
1	93.705492	76.944115
1	54.125620	90.686374
1	67.289658	45.771089
1	67.956428	85.332622
1	69.748629	70.837519
1	75.331672	7.963117
1	93.211554	98.058108
1	98.403258	4.516484
1	63.128952	47.557001
1	75.757731	96.446256
1	85.960906	62.515733
1	53.015281	92.952298
1	94.152106	8.720747
1	95.584711	24.261584
1	67.884848	37.732521
1	97.715416	63.104891
1	58.395122	75.696954
1	77.632027	81.562521
1	76.528111	77.461780
1	85.690549	97.902348
1	85.669783	91.107334
1	78.923115	95.598088
1	64.811691	93.777514
1	81.898721	7.938244
1	57.516371	69.958531
1	91.841903	45.965755
1	69.985830	78.496062
1	85.054706	93.896114
1	93.243041	21.531436
1	97.830114	4.134464
1	58.537646	62.883306
1	88.241908	8.136871
1	91.698912	82.277432
1	77.156233	54.133892
1	67.754461	41.099045
1	89.672644	41.774118
1	86.237384	48.386494
1	71.296541	71.570892
1	85.311042	12.070110
1	86.191738	48.861765
1	52.444307	95.999474
1	81.522307	65.821412
1	87.698323	83.696551
1	88.765345	71.028556
1	98.210138	17.576562
1	97.530884	31.848161
1	71.689755	57.969418
1	79.133425	1.561671
1	73.218837	50.111705
1	79.271229	95.350326
1	87.853733	47.864580
1	91.248851	77.247771
1	78.718710	14.605295
1	84.998646	4.044231
1	73.291707	38.921897
1	91.110214	50.669110
1	90.988425	39.338451
1	73.781475	78.528419
1	92.068253	34.674873
1	87.141730	89.435106
1	79.614769	57.280245
1	80.797935	84.664372
1	67.334138	89.853731
1	64.054943	65.167320
1	74.460930	0.612402
1	95.491563	70.056239
1	57.025263	82.719136
1	62.798455	65.344016
1	78.214386	29.331360
1	59.885976	80.871077
1	93.165989	97.185367
1	63.724428	75.026451
1	94.782438	38.569265
1	95.571201	40.312462
1	93.726517	36.548140
1	99.914846	33.683379
1	93.481747	70.427447
1	71.193330	85.492430
1	80.270212	66.003914
1	62.348307	49.332560
1	66.150814	33.203284
1	95.004421	70.496125
1	92.815672	33.134788
1	89.396431	8.245598
1	72.709921	29.765160
1	90.173250	22.519120
1	75.449373	57.202330
1	86.927275	21.582994
1	96.768232	82.891154
1	98.304525	73.000439
1	97.683271	7.815399
1	76.114786	69.338411
1	98.420031	71.754307
1	72.816176	87.582445
1	78.437067	12.536965
1	60.061288	85.718861
1	51.668513	97.278020
1	89.878381	80.160959
1	75.929542	65.146836
1	71.579802	77.721175
1	83.523408	12.053803
1	61.906662	61.822784
1	83.289677	42.410324
1	54.195008	98.427147
1	88.927467	47.662153
1	80.900108	24.974195
1	68.625394	42.426201
1	75.667970	58.121857
1	74.829238	55.232191
1	99.003575	31.251066
1	69.694260	26.642415
1	94.036396	55.708296
1	69.203504	42.789106
1	70.136861	66.757316
1	91.063583	20.469184
1	84.322173	69.053281
1	57.303168	99.600960
1	94.814609	76.243239
1	79.943865	84.662701
1	83.082772	34.738154
1	50.434070	96.671945
1	84.687925	5.375087
1	95.068657	14.292147
1	93.355313	84.160308
1	77.900854	21.401061
1	72.045451	80.641874
1	90.610975	29.750074
1	66.501142	51.448192
1	87.288648	47.044294
1	81.275068	75.584686
1	84.307586	7.419520
1	77.802115	57.541060
1	52.837261	94.970519
1	63.649777	42.641181
1	63.537434	39.665020
1	76.398410	52.499164
1	71.713224	85.236504
1	94.194588	56.192180
1	93.212604	5.816633
1	65.642118	87.536858
1	96.075800	13.858787
1	99.911643	4.639262
1	93.816938	66.120039
1	84.241706	86.198896
1	73.515184	65.346362
1	81.464284	94.390009
1	77.702009	92.689617
1	84.452552	73.477728
1	67.666521	59.151426
1	94.731473	83.994364
1	93.453397	51.350026
1	80.139133	19.388711
1	93.891958	3.008065
1	86.755470	8.090467
1	54.975537	75.943250
1	59.399085	52.340578
1	55.697472	71.035329
1	90.038351	54.655224
1	47.372294	99.020843
1	75.968726	15.826478
1	79.607186	63.662232
1	64.235459	49.279584
1	81.231313	0.131773
1	88.584280	53.990766
1	99.427025	0.607439
1	65.111390	50.752665
1	53.025610	92.480786
1	81.883476	1.646240
1	74.192120	77.557097
1	65.671925	66.363973
1	82.777812	79.712788
1	90.033490	53.948525
1	83.112087	50.921725
1	62.437661	89.656409
1	66.878347	32.261110
1	97.618131	33.488696
1	84.568602	84.300621
1	72.618326	25.232448
1	97.068351	78.949526
1	60.666227	73.322194
1	90.387578	69.093617
1	95.142058	33.203083
1	78.134489	43.354381
1	92.176541	30.012629
1	56.190965	72.789518
1	81.241062	85.472656
1	81.413791	65.805337
1	99.454682	19.824980
1	62.398087	67.712150
1	73.354431	23.389091
1	79.554839	62.327892
1	85.660014	85.392151
1	94.984625	87.108717
1	66.290982	62.529569
1	63.513613	59.336925
1	66.280878	32.640389
1	92.580692	92.865628
1	82.041732	16.931902
1	62.491468	52.457770
1	82.906354	90.363675
1	82.270905	94.868761
1	63.163848	98.419407
1	65.444247	62.228745
1	98.040872	38.320785
1	97.157304	61.500567
1	86.834247	91.871197
1	86.054583	67.461562
1	87.070442	98.099187
1	96.777183	62.016918
1	56.837279	68.487688
1	84.597510	71.982201
1	97.570449	61.411436
1	95.591237	42.956762
1	79.747691	78.177111
1	96.113957	58.956668
1	65.185118	83.945348
1	85.988583	97.901429
1	84.574997	81.735427
1	77.769690	22.813069
1	76.066739	37.830113
1	78.592242	49.127033
1	95.783749	77.212664
1	95.814294	68.553820
1	89.087178	97.844303
1	84.813922	56.066917
1	65.905735	54.964280
1	74.739552	0.880000
1	85.229050	81.963866
1	99.907292	46.466024
1	78.538480	10.094084
1	87.950462	52.451611
1	89.102326	37.385741
1	66.161587	76.923873
1	95.425213	60.091274
1	80.681759	61.422404
1	76.565327	59.141276
1	92.801058	91.105418
1	94.035132	12.076473
1	92.081504	5.600692
1	88.349768	29.256079
1	90.915689	74.986217
1	77.468695	27.556072
1	74.607831	49.613009
1	82.832823	93.484205
1	77.736983	71.841378
1	68.536884	32.818179
1	51.318609	96.277969
1	72.581779	51.084421
1	94.298497	14.022571
1	60.335039	62.112546
1	63.203604	71.277191
1	94.984135	9.664497
1	77.358236	81.370122
1	71.534073	17.186510
1	81.928455	30.421109
1	65.346989	82.572591
1	98.578795	57.279582
1	80.419998	28.246401
1	69.109964	76.560757
1	95.442408	56.093531
1	64.655690	70.490967
1	99.223310	41.310519
1	56.782914	84.725481
1	60.365372	94.322619
1	77.927964	57.965604
1	96.466406	68.158960
1	81.122072	41.537285
1	81.620233	18.843915
1	81.777433	37.680869
1	83.059718	65.902409
1	74.823871	35.588136
1	82.482066	1.213738
1	68.004763	92.159262
1	73.668530	16.705206
1	65.230418	81.036082
1	68.243800	51.017056
1	98.734568	98.850609
1	57.579185	74.102744
1	73.190847	9.659183
1	99.707124	86.436908
1	81.542781	85.507769
1	88.011644	81.662079
1	80.941137	19.315343
1	88.303296	30.607911
1	77.137354	15.174308
1	54.940710	76.344972
1	85.691731	25.904727
1	59.067307	56.557494
1	86.288922	57.204701
1	88.187031	80.100235
1	78.827758	78.976066
1	80.887493	23.274364
1	77.242692	25.310661
1	82.708509	54.984135
1	67.268309	65.912768
1	88.995970	19.252108
1	71.817879	38.245311
1	75.614496	82.152007
1	78.001966	27.315428
1	86.236500	59.708463
1	83.057680	77.782835
1	92.100741	63.024329
1	60.587355	95.176923
1	89.344925	91.609863
1	58.510479	81.913400
1	92.643011	80.840682
1	66.764769	83.094356
1	76.418687	77.928469
1	89.276225	75.590039
1	82.534356	0.300693
1	65.040660	98.278963
1	97.336119	76.857368
1	80.096228	82.532671
1	81.084058	16.815989
1	67.096651	52.138787
1	67.768783	24.052571
1	92.257672	88.094231
1	88.816522	59.934830
1	91.443439	45.578925
1	96.142954	74.188279
1	96.887166	84.231030
1	78.833653	60.925701
1	62.047594	54.934675
1	59.667811	75.803943
1	51.074847	97.118672
1	73.573301	27.345957
1	94.755837	26.026991
1	80.331392	76.002720
1	86.913238	23.949789
1	72.969550	54.579850
1	98.675040	88.217084
1	85.719276	17.872114
1	57.618646	69.270415
1	99.390928	2.790928
1	61.613008	66.772614
1	86.712055	65.530545
1	90.928523	43.076505
1	76.710242	52.688042
1	94.846546	6.051601
1	75.054131	39.440419
1	80.542537	80.585321
1	87.026643	52.491728
1	74.164521	73.119661
1	59.952539	82.627363
1	65.142105	97.934492
1	95.314188	61.055265
1	75.539375	45.664667
1	90.112032	64.720881
1	47.826065	96.365894
1	81.252037	3.088061
1	57.491506	82.209683
1	98.095294	3.306007
1	66.543356	66.882490
1	95.073469	88.804610
1	54.279276	84.990179
1	75.168628	61.591269
1	70.390173	23.394465
1	54.630136	73.044186
1	71.491494	21.689411
1	82.397380	95.383167
1	79.792517	5.206879
1	98.154166	95.107253
1	96.476807	66.054477
1	64.621609	91.074987
1	92.644257	43.340124
1	74.790542	33.159089
1	89.029504	28.881967
1	99.155482	41.481649
1	85.879905	47.365971
1	82.591992	6.844694
1	84.125565	42.329548
1	80.920494	54.649574
1	76.339293	35.920217
1	83.965151	29.652511
1	82.309350	15.545030
1	66.561885	45.967797
1	67.712096	98.393332
1	78.382505	37.695628
1	98.586815	94.411763
1	86.712965	52.683116
1	87.088367	61.048369
1	73.494816	10.805829
1	59.164232	65.485675
1	69.949262	99.157461
1	85.000601	92.833729
1	78.800923	53.225855
1	77.746433	57.754962
1	82.201004	0.689977
1	66.784947	49.634684
1	86.637601	89.914696
1	56.154099	96.474977
1	59.893520	58.450386
1	54.281021	95.658016
1	79.265566	99.579723
1	73.151839	46.400334
1	90.855473	39.242234
1	74.700627	89.717158
1	62.040941	99.778472
1	91.824274	58.790688
1	84.778430	53.672416
1	84.753043	0.175602
1	53.181496	83.332769
1	67.766797	68.187533
1	60.883426	80.337671
1	79.621046	19.401687
1	94.952583	66.591487
1	98.314081	61.351883
1	69.679668	30.660840
1	99.482395	94.504370
1	58.591252	79.881744
1	87.488936	47.464532
1	81.784721	7.981099
1	59.792579	54.659094
1	87.184644	49.615016
1	74.253863	33.143796
1	76.490712	45.487343
1	95.973388	61.518563
1	87.970969	47.392957
1	86.675708	24.499597
1	64.565673	48.941130
1	80.708561	15.965779
1	78.370194	77.055245
1	58.910911	70.056763
1	68.103494	34.516794
1	61.437032	96.869360
1	94.101281	81.882035
1	97.215380	56.283737
1	74.598654	16.062519
1	76.487630	76.550323
1	59.964240	68.958567
1	75.824124	64.015382
1	94.441454	38.246540
1	59.430520	78.638534
1	66.642249	46.541540
1	77.662564	10.645561
1	79.654963	46.170261
1	86.673323	5.131580
1	76.318018	64.576162
1	85.030030	0.125705
1	97.818002	51.426954
1	86.890466	64.041184
1	84.252030	70.065267
1	82.971065	46.060301
1	97.931047	85.624928
1	82.319438	92.797887
1	76.900329	37.625921
1	97.030928	46.233305
1	52.784892	95.332088
1	75.285910	32.903080
1	95.005646	62.355504
1	46.689914	96.225380
1	75.313394	76.041902
1	58.823412	92.892039
1	90.079534	97.540307
1	68.345341	61.670285
1	63.041097	92.897783
1	97.984603	36.580787
1	82.306999	1.447975
1	58.787445	95.694103
1	66.783692	72.677859
1	83.145981	75.192226
1	65.862489	33.204153
1	80.558568	29.285188
1	99.147809	51.259788
1	60.644914	98.158978
1	79.461213	20.180877
1	67.225218	88.852469
1	73.891912	79.161625
1	78.891774	32.511471
1	92.721389	88.430799
1	99.395553	54.998264
1	54.615522	74.812631
1	72.221733	39.170067
1	91.067863	79.305689
1	79.480522	61.207623
1	75.986311	47.963035
1	60.497420	73.903800
1	85.713970	55.159824
1	74.003284	26.620655
1	99.731595	14.752860
1	96.321294	28.860638
1	67.064820	91.092247
1	97.828601	5.845508
1	56.083408	81.394666
1	89.330826	37.760420
1	79.344907	93.605688
1	88.757916	65.029606
1	71.995757	38.729030
1	65.540546	77.587478
1	79.478010	87.197312
1	77.338669	51.980288
1	96.394319	6.648465
1	87.498041	21.880221
1	58.087262	90.731142
1	70.592374	36.801630
1	68.011172	66.457270
1	73.019537	97.930511
1	79.809112	63.777327
1	82.421027	38.303529
1	94.730091	39.139205
1	89.195845	30.509110
1	79.280371	85.857848
1	57.263420	81.122198
1	93.411153	52.995172
1	99.497950	82.165442
1	71.752878	26.717025
1	79.556354	1.526700
1	73.021683	34.723591
1	93.997605	46.411128
1	95.594601	8.376242
1	61.223939	82.220222
1	55.799219	94.795204
1	96.115963	16.769383
1	99.465939	71.907902
1	71.528366	57.652371
1	92.648144	74.133208
1	60.749412	68.146664
1	91.191504	16.843043
1	68.006754	42.528114
1	71.856603	58.440706
1	89.419639	17.958311
1	95.138449	36.506785
1	86.167229	40.446050
1	69.487091	20.631691
1	72.956955	51.572374
1	82.943446	32.897913
1	68.900802	88.091478
1	74.680294	98.124977
1	59.604657	64.728160
1	97.796019	70.325216
1	95.255983	39.108895
1	77.161208	44.729387
1	72.184613	35.082650
1	53.518455	97.441291
1	80.904386	17.838171
1	96.294436	45.894828
1	51.495104	85.634332
1	96.840602	86.884772
1	77.126561	27.963676
1	73.871020	29.436329
1	93.707232	14.172476
1	68.011137	87.613956
1	70.925421	56.231350
1	81.305470	8.060963
1	93.823007	12.366323
1	75.915666	78.211104
1	88.835885	12.173048
1	95.434941	4.368671
1	72.847313	35.092602
1	52.495472	97.550676
1	93.769388	39.610437
1	74.142132	8.794068
1	68.399242	34.133864
1	85.773919	31.166467
1	90.123695	10.882787
1	95.369513	48.599056
1	81.988418	47.207154
1	73.243897	29.863234
1	88.626222	62.562020
1	49.049789	88.352671
1	91.863733	34.129958
1	98.949147	87.910930
1	76.185177	80.367652
1	87.154010	28.071295
1	66.864989	91.724959
1	61.048567	73.922341
1	55.908203	73.135703
1	62.251184	91.126870
1	83.883040	8.747639
1	99.576951	31.780341
1	83.801297	85.227479
1	86.757322	3.380996
1	67.960563	33.091265
1	78.548367	13.681210
1	78.326976	50.372529
1	88.665933	93.705289
1	60.889336	93.143736
1	99.059202	98.503414
1	95.844921	82.285791
1	68.111673	78.542652
1	63.143567	55.430522
1	68.719797	28.778543
1	75.843728	94.762116
1	89.938416	42.896192
1	86.071125	94.686199
1	70.582065	51.000916
1	99.752805	22.435476
1	62.349965	67.597116
1	63.745565	47.172500
1	83.651281	16.690871
1	64.599333	46.448693
1	65.329925	75.244209
1	83.759013	55.715357
1	95.977870	4.948565
1	70.258073	76.486855
1	61.977824	61.271340
1	67.486904	93.446689
1	54.790238	77.809878
1	88.757777	74.355769
1	73.539212	79.337771
1	50.475503	87.195638
1	84.870819	65.004683
1	96.105647	72.194592
1	90.719777	75.638005
1	79.845135	14.255301
1	93.942981	60.069336
1	90.650214	10.393734
1	68.835374	87.137778
1	70.132103	31.613693
1	51.832910	96.427974
1	95.617236	45.732910
1	77.638822	25.149250
1	59.422000	85.535923
1	78.363444	80.172977
1	83.335782	73.040752
1	73.997132	33.688115
1	75.792531	84.320009
1	66.238683	72.048264
1	61.375244	93.737298
1	93.863660	28.122929
1	96.993127	53.685980
1	55.532521	87.385935
1	98.628117	77.277924
1	57.848706	70.757921
1	68.828240	69.231509
1	61.880550	96.137698
1	62.448120	77.181527
1	63.963026	96.879745
1	76.273825	55.735803
1	97.801500	7.363151
1	81.357371	30.218084
1	91.155197	26.929880
1	70.617877	65.199870
1	75.801985	82.774473
1	86.676626	75.810196
1	96.682177	23.357897
1	67.198206	58.150008
1	96.337202	67.189569
1	92.186016	17.268837
1	83.836582	38.655249
1	94.463308	55.632789
1	73.441756	47.329029
1	95.125894	46.546761
1	99.732181	95.016046
1	57.854571	86.925451
1	71.401742	57.540871
1	90.489723	60.128647
1	86.932625	85.660560
1	70.879899	73.377816
1	80.912080	0.628002
1	92.954717	10.441726
1	87.420208	53.513015
1	74.228357	64.309536
1	98.405938	59.836207
1	70.104653	51.314040
1	87.150909	57.892649
1	74.359748	93.532110
1	92.067939	98.385736
1	93.339800	73.620256
1	71.281050	35.012583
1	65.530843	78.523822
1	63.520812	46.340794
1	96.398752	93.212369
1	94.913784	68.554717
1	76.383524	91.665498
1	73.505906	99.995959
1	71.459910	41.873087
1	96.955055	3.645100
1	97.110073	51.033319
1	62.525424	77.375129
1	85.841430	7.899024
1	68.669683	66.953665
1	70.347186	26.625750
1	77.281609	13.169669
1	94.549092	11.466416
1	86.154938	15.555737
1	69.040869	49.615667
1	94.039396	17.605885
1	80.084121	23.021665
1	75.908718	86.231409
1	82.895349	15.926355
1	94.353920	19.508893
1	79.434818	36.498222
1	93.590999	3.239734
1	67.866136	55.678281
1	92.372300	54.156889
1	89.918888	93.519209
1	82.067114	45.766785
1	95.439708	69.951390
1	90.149747	45.032101
1	68.771146	53.475196
1	56.003113	98.318864
1	71.414871	96.861019
1	63.894672	43.493730
1	95.460030	11.086060
1	71.862900	79.820460
1	65.397597	88.810326
1	56.181654	65.587959
1	85.609897	52.190444
1	58.812712	68.939319
1	62.454394	58.223118
1	70.521274	18.689806
1	59.316946	75.351253
1	72.584665	93.965276
1	55.498449	77.783984
1	88.379243	60.558084
1	64.038130	60.295545
1	68.449050	66.882538
1	71.247046	24.519887
1	87.088944	45.949906
1	74.521662	55.778661
1	48.126786	97.570963
1	61.346107	92.151997
1	89.659521	35.498080
1	91.050429	72.322981
1	77.689945	48.294372
1	77.893249	52.784821
1	86.291675	23.220840
1	60.788258	49.488234
1	61.929167	76.862391
1	86.001658	13.395951
1	66.368930	70.996065
1	84.627878	94.922263
1	94.727796	93.846630
1	62.020413	76.111954
1	85.918965	62.468197
1	74.508175	27.136062
1	72.181061	45.230547
1	87.222595	33.579066
1	70.621986	56.737996
1	65.325802	53.645851
1	89.776600	45.503559
1	86.745938	82.876223
1	99.849465	44.923489
1	98.569738	99.356869
1	67.519555	39.024433
1	86.954709	26.437628
1	78.331838	43.099612
1	66.260093	84.590248
1	60.103925	99.763766
1	88.319689	10.456389
1	68.329066	52.916807
1	90.810520	87.500889
1	99.261907	16.706682
1	64.029299	81.323818
1	75.466510	60.162562
1	71.829347	63.738714
1	70.620878	29.584521
1	63.419892	84.299003
1	81.609807	5.558746
1	79.239488	32.470227
1	58.537957	64.171741
1	73.762365	42.168715
1	63.843496	46.179422
1	83.683136	42.139956
1	80.665151	19.171540
1	62.770939	55.810821
1	86.134367	12.950405
1	66.023587	51.521653
1	90.092514	19.204096
1	74.352920	5.199124
1	93.970409	72.121837
1	77.263828	34.815755
1	82.478486	44.226331
1	89.034869	88.995029
1	83.951823	0.157008
1	92.081281	27.985769
1	93.334685	90.080993
1	85.583351	62.678785
1	96.477474	31.877107
1	77.449018	56.639949
1	64.910379	41.491995
1	82.907437	95.862099
1	91.668706	50.854542
1	89.873968	13.521669
1	80.844511	53.749662
1	69.595632	36.356886
1	94.104031	73.057133
1	91.286779	74.010845
1	85.693029	10.561890
1	75.292608	86.630323
1	65.653528	40.404444
1	89.437343	59.189690
1	82.624284	37.462537
1	80.126482	1.344663
1	70.092291	34.798244
1	67.754717	75.547991
1	79.419801	46.206125
1	84.063653	25.455065
1	49.747120	92.523574
1	68.994190	95.582270
1	97.587210	52.164979
1	90.080236	66.331344
1	64.658836	93.296468
1	97.926311	98.759619
1	73.491329	86.702432
1	91.588854	67.040325
1	74.392524	37.563706
1	80.620378	59.010799
1	82.755881	46.819314
1	95.727569	98.169790
1	94.093870	60.638652
1	72.184764	86.449962
1	55.648224	80.417650
1	93.418763	97.140946
1	79.618172	19.791845
1	63.723564	56.847177
1	52.635932	94.919683
1	65.505472	71.489265
1	89.272431	36.269452
1	67.533193	74.420265
1	92.641783	61.842973
1	64.179011	40.286577
1	91.639870	46.682103
1	93.022893	5.909279
1	92.572480	98.258454
1	96.004388	94.808880
1	80.604740	79.429469
1	97.305876	11.931480
1	60.521910	57.408459
1	89.112228	94.101346
1	80.856460	86.391628
1	87.834734	58.634642
1	71.935794	34.022014
1	92.045457	66.114269
1	80.937473	11.550404
1	58.636536	90.221165
1	76.120243	19.056259
1	99.918383	33.780362
1	97.216322	7.303861
1	79.837838	53.068118
1	95.156359	13.632260
1	81.393336	32.388691
1	84.510085	75.747487
1	99.847767	93.338127
1	98.405771	83.762384
1	64.005095	60.641692
1	74.786667	50.911233
1	86.624729	8.792487
1	59.176476	94.004896
1	59.497898	69.504163
1	84.022480	76.095092
1	89.461287	62.099627
1	61.278958	46.078790
1	89.021609	21.893305
1	92.168523	11.278507
1	62.537185	44.195103
1	84.675144	75.898962
1	57.385678	85.976097
1	79.021879	12.432578
1	61.214508	67.604304
1	88.385435	26.121539
1	64.352576	73.206068
1	81.353652	31.426219
1	74.412611	49.717189
1	98.716906	57.885873
1	84.068841	17.742311
1	72.086981	10.249577
1	86.702316	71.426202
1	81.513267	87.738565
1	71.250613	17.412530
1	89.403749	24.910360
1	88.823815	36.069914
1	99.994752	42.367118
1	80.577087	67.731375
1	78.518014	7.281767
1	74.880178	67.456196
1	65.762940	78.499923
1	70.052856	74.321267
1	97.684089	51.690345
1	74.159984	36.712613
1	91.722794	27.582149
1	65.880757	80.289423
1	59.361837	53.484520
1	90.342457	82.462882
1	60.834305	83.239956
1	77.797632	69.898385
1	87.327516	67.647907
1	72.265553	18.498545
1	93.142154	39.311034
1	78.351709	29.515786
1	89.645906	82.860171
1	52.103680	82.908774
1	60.733643	48.911409
1	56.250079	88.954187
1	66.211917	89.070610
1	61.429685	48.895629
1	69.847557	88.728072
1	65.874538	85.823706
1	52.526844	79.221711
1	88.886392	89.720099
1	66.558426	38.142477
1	88.986889	77.851466
1	67.765371	34.293747
1	92.466700	73.787344
1	77.288190	53.181322
1	68.768960	67.108859
1	51.810944	89.899262
1	64.891550	66.674763
1	83.839622	32.626415
1	88.392429	11.814553
1	89.105796	8.959394
1	89.659777	39.670458
1	73.676344	25.788738
1	73.343962	83.264592
1	72.946074	21.891453
1	77.213608	84.712436
1	94.890694	55.063601
1	95.514435	69.404684
1	82.429044	74.438311
1	72.227793	46.347669
1	94.096719	92.740221
1	90.701779	32.898459
1	67.595563	76.385624
1	85.412359	42.255973
1	93.500812	78.547122
1	81.102421	46.416935
1	77.926265	90.546360
1	92.108294	44.073250
1	81.033090	64.213426
1	84.180096	60.393653
1	67.579617	68.503648
1	82.995610	95.266141
1	77.648963	10.780959
1	69.681954	66.413125
1	92.423711	66.306519
1	59.888981	64.371737
1	87.763381	43.918623
1	94.216168	4.554002
1	70.734623	23.015950
1	68.731360	27.570728
1	78.711403	18.160943
1	67.517802	64.149225
1	98.932864	60.747883
1	72.971340	83.783618
1	68.194011	97.119668
1	86.388676	82.959514
1	91.532810	17.049820
1	87.751755	62.786436
1	63.640108	63.840516
1	93.661980	56.734641
1	90.522086	83.343544
1	71.177561	53.511879
1	94.982335	82.701592
1	85.761033	45.350871
1	79.618409	74.994762
1	85.968634	92.470559
1	88.125645	19.875434
1	83.132517	55.749943
1	68.904038	78.093703
1	73.282232	43.321792
1	88.157711	84.859943
1	97.058825	2.215478
1	95.754101	81.498479
1	48.854276	94.762591
1	94.892409	9.801849
1	85.412238	94.010694
1	98.836871	13.149214
1	74.591874	70.339718
1	87.404496	59.424179
1	65.086810	43.369130
1	58.549675	66.617150
1	85.509804	44.581742
1	98.115995	15.547134
1	98.656275	90.404558
1	96.735538	35.177556
1	78.015715	56.650525
1	82.484122	65.280810
1	55.122418	84.352914
1	94.227266	0.312128
1	91.176406	97.923166
1	53.509527	82.364666
1	88.722915	63.813783
1	82.640235	20.134376
1	67.771870	65.652274
1	66.633601	69.281903
1	82.137075	8.785888
1	61.414696	73.879077
1	82.264278	86.117502
1	63.798024	39.206394
1	57.081314	86.795627
1	72.029152	60.062215
1	81.304440	60.933492
1	68.277733	47.745628
1	79.877982	21.126840
1	53.972392	74.889147
1	84.592080	86.998270
1	70.795367	93.608135
1	61.542356	73.092576
1	90.441864	85.542312
1	85.842024	68.162410
1	63.634836	54.616540
1	96.202640	51.256528
1	52.065430	82.018637
1	99.653511	66.680355
1	89.814194	70.032887
1	74.661909	89.495393
1	67.571665	54.276366
1	79.035850	11.175660
1	92.474190	42.885042
1	91.583953	43.825399
1	86.576703	98.207254
1	55.637624	94.891785
1	83.881035	59.461249
1	91.869707	82.365507
1	62.673150	90.426121
1	50.414958	87.853130
1	85.751316	51.037434
1	90.246254	17.218813
1	92.443004	42.511759
1	89.619731	54.900546
1	72.032065	19.101486
1	73.750662	22.141748
1	86.057881	65.957142
1	81.323288	97.586800
1	61.665620	52.030943
1	62.922867	57.349245
1	96.163264	91.284260
1	85.355362	14.394019
1	71.012281	14.144632
1	78.794022	98.594215
1	93.498301	42.725858
1	70.797506	98.578930
1	74.808131	82.430232
1	92.734973	0.434319
1	92.936609	11.106139
1	81.126810	85.078507
1	96.855468	76.794554
1	71.668230	99.934317
1	85.531931	0.418020
1	89.836843	84.230981
1	66.203289	60.397751
1	61.679489	67.403938
1	53.196949	94.537277
1	93.667783	86.545772
1	88.647494	13.650572
1	86.084963	96.946712
1	92.042664	75.093470
1	71.921455	82.079957
1	64.524542	65.456546
1	76.270187	53.968380
1	79.473675	22.960436
1	96.062820	61.108435
1	83.715460	34.814143
1	72.719015	55.889271
1	78.695415	69.319654
1	84.777353	2.294811
1	80.927610	61.889353
1	78.499713	28.579851
1	87.477125	88.938594
1	93.693496	67.283099
1	55.864844	64.887015
1	66.221040	45.241267
1	59.742708	91.036386
1	85.716415	78.663002
1	84.878271	99.239125
1	58.390575	57.351353
1	64.176568	76.777769
1	94.966545	56.901181
1	99.068888	43.172118
1	79.320867	36.361877
1	77.280242	75.704084
1	85.478106	81.498878
1	79.173671	60.500290
1	95.313183	32.015631
1	74.048030	67.647527
1	63.616403	65.190728
1	70.655200	79.042876
1	74.287365	68.473335
1	77.384166	63.871316
1	77.678921	65.299787
1	75.425509	89.351756
1	78.189896	58.021995
1	57.080984	76.770315
1	80.125450	98.269207
1	70.359445	94.996927
1	93.675605	95.089600
1	78.107018	89.294670
1	99.417559	95.169937
1	76.192084	35.295883
1	54.279735	88.452496
1	81.354781	61.989203
1	72.502361	89.602480
1	92.967967	46.603401
1	69.441938	35.918627
1	65.902680	55.499157
1	54.547516	89.261731
1	94.722625	17.157239
1	72.285851	78.597693
1	76.461712	62.739464
1	54.242145	96.766653
1	89.649321	18.179527
1	66.268945	69.315454
1	93.374939	40.850408
1	96.129594	4.677104
1	94.728009	73.671635
1	94.498418	9.783238
1	82.089442	12.195946
1	65.823805	89.197405
1	86.637392	72.221193
1	65.804826	37.097173
1	75.727304	5.464049
1	92.895813	40.652181
1	69.542800	23.773565
1	60.309566	83.588361
1	88.456716	36.442349
1	80.345535	72.470376
1	84.339596	32.117561
1	95.522237	4.600995
1	71.353374	20.327071
1	81.508555	3.324782
1	49.681559	87.432423
1	96.248574	77.818868
1	89.068160	3.858421
1	97.995849	86.781934
1	68.448723	82.477325
1	58.454890	97.423457
1	64.515900	62.724910
1	84.875282	25.378408
1	97.930658	19.059353
1	79.898626	46.107714
1	92.013625	20.654387
1	95.445794	38.425998
1	82.467117	37.925005
1	96.520747	31.250824
1	79.157878	6.005227
1	85.543125	51.734552
1	66.375587	79.597289
1	86.718156	7.207228
1	93.662958	52.525139
1	64.039499	79.046711
1	86.054290	3.638675
1	67.736806	40.949276
1	67.737251	61.219646
1	61.413775	86.840744
1	68.523614	33.601001
1	63.399603	53.913711
1	91.623622	17.250532
1	57.967215	94.221363
1	82.966611	39.253501
1	89.982780	88.078690
1	76.994779	55.865489
1	94.751594	54.746113
1	73.867153	9.127175
1	96.868009	33.220100
1	67.829427	41.764947
1	89.387191	16.550288
1	83.522462	7.459858
1	59.474297	59.613286
1	93.740356	82.357852
1	99.138154	43.932290
1	70.914565	85.224755
1	87.926345	41.728553
1	76.674906	96.356205
1	68.032878	26.753753
1	50.225732	95.773144
1	61.572502	49.331724
1	74.322857	75.313863
1	66.664949	28.320423
1	70.969934	81.438587
1	91.226963	86.839023
1	64.706543	65.751362
1	58.324671	58.214467
1	91.318950	75.957531
1	83.258105	28.043017
1	92.521754	84.484225
1	84.921128	4.504739
1	66.214080	59.358123
1	71.617629	29.889018
1	87.194706	38.817146
1	62.887851	70.943098
1	81.407245	64.250187
1	68.608756	85.831844
1	77.453772	31.928976
1	82.772980	11.046224
1	63.347086	86.742006
1	70.111813	84.457887
1	86.259104	20.965528
1	86.046882	1.249203
1	94.153431	23.898105
1	72.972536	10.917402
1	76.745486	47.848518
1	83.981478	87.939786
1	98.863081	50.472237
1	63.677979	57.875340
1	62.589765	67.426549
1	66.021061	91.401811
1	86.407391	10.480031
1	94.356616	96.572205
1	90.578236	19.040520
1	78.039062	87.656836
1	83.064823	92.637748
1	55.381479	95.921352
1	97.282180	46.413424
1	97.778280	91.674594
1	98.265077	45.400591
1	77.329902	66.750818
1	81.386817	66.682056
1	81.712943	13.073620
1	92.484550	57.035999
1	96.761156	21.448900
1	67.795783	96.846368
1	69.446629	34.522759
1	72.048657	55.154189
1	76.266407	58.737937
1	77.270860	36.756676
1	69.282466	77.059925
1	68.356351	55.525838
1	70.917627	89.636855
1	85.143419	25.530501
1	80.048576	50.100961
1	65.860234	57.624123
1	72.186395	42.611022
1	97.042514	37.692219
1	75.451698	27.457066
1	69.205349	51.564439
1	62.761167	97.702725
1	86.968330	76.226593
1	69.544552	77.311723
1	99.554912	97.675961
1	62.640300	55.005153
1	94.378747	48.529070
1	72.160064	76.922305
1	61.998260	48.549013
1	70.823355	55.600985
1	50.185463	97.966352
1	74.159181	5.981186
1	87.559442	36.196119
1	55.986769	66.333852
1	92.174035	20.613326
1	95.120244	14.502901
1	69.240849	20.724377
1	88.600166	64.592420
1	83.082101	92.293602
1	87.972846	60.361628
1	94.694067	5.789654
1	63.224533	96.910449
1	77.272089	86.538039
1	77.173525	76.427263
1	74.957494	58.332334
1	97.049198	23.119053
1	99.466160	78.816975
1	64.321674	67.376530
1	56.520346	69.004050
1	95.828179	53.758040
1	54.333186	69.787648
1	88.675673	33.782019
1	88.845971	72.240113
1	67.879470	78.567093
1	73.658857	23.051205
1	83.967649	82.798551
1	73.557541	52.513758
1	92.482540	93.544848
1	95.845286	48.344403
1	51.247751	93.748093
1	70.871903	39.880070
1	91.147796	19.660043
1	79.908120	52.526459
1	97.581725	53.270990
1	95.434888	87.316003
1	83.258052	86.193669
1	80.917106	22.206554
1	65.883962	65.770314
1	70.388357	92.968445
1	73.502999	49.746276
1	68.751884	61.406992
1	63.602655	87.236871
1	99.323013	3.910246
1	93.070734	4.003462
1	77.891719	70.180089
1	54.580415	80.186010
1	72.542681	32.856815
1	76.935417	42.581882
1	60.687502	93.708344
1	95.957995	63.545551
1	96.212421	63.683750
1	90.412735	33.926894
1	75.667484	51.562469
1	62.531800	95.161951
1	78.330060	52.848527
1	73.069373	71.691096
1	68.430147	45.486791
1	83.202170	53.831121
1	87.744089	89.930537
1	83.808521	29.584226
1	71.257816	16.036078
1	85.029919	73.982134
1	99.680738	47.411428
1	85.791919	13.211069
1	92.232179	50.247885
1	81.247134	18.246773
1	55.413948	91.127512
1	80.780507	67.389836
1	92.683967	13.410400
1	86.266218	39.740574
1	96.483588	13.916779
1	82.538159	63.252718
1	74.476076	78.096742
1	65.511463	49.169279
1	56.176249	83.613690
1	64.548814	38.145077
1	72.830007	6.834183
1	84.122542	63.595062
1	96.284211	90.797204
1	88.903348	44.162084
1	82.711621	18.936117
1	76.172755	10.749479
1	72.873654	78.314680
1	84.375991	12.068054
1	71.784523	93.904659
1	68.347101	63.945923
1	95.957964	26.641582
1	85.806254	60.896241
1	67.638637	38.442620
1	80.608678	53.889849
1	71.481925	74.372083
1	71.437472	61.597671
1	75.249544	20.641315
1	71.830880	84.003923
1	89.144232	83.972529
1	98.842173	68.914119
1	91.910228	26.597774
1	72.424499	86.143992
1	82.179046	40.711745
1	85.319909	91.967768
1	76.016602	52.082021
1	68.343036	62.028440
1	81.099317	3.150057
1	91.368498	12.429298
1	77.224006	37.767137
1	92.994471	99.339545
1	54.925351	90.405295
1	99.507380	14.498905
1	90.208488	27.380666
1	67.174420	63.876422
1	96.828073	92.781772
1	90.628324	88.634402
1	80.695213	88.333608
1	72.456745	45.831074
1	97.017433	64.275802
1	71.303683	60.715609
1	89.480712	62.195604
1	75.285131	35.919394
1	78.762799	97.331045
1	99.149936	6.779972
1	85.586831	79.824292
1	64.854246	81.083730
1	65.956532	68.543044
1	75.020585	66.315849
1	56.474008	77.950044
1	65.672348	35.588596
1	99.652918	47.972815
1	88.308574	51.421155
1	74.548336	12.817371
1	90.394401	64.586350
1	81.144674	19.129682
1	51.057528	98.550431
1	65.066183	40.084585
1	71.061850	85.249510
1	92.965067	5.157466
1	97.132965	14.457967
1	71.925396	47.839955
1	53.904973	79.570209
1	83.195256	5.301794
1	56.746740	76.754628
1	68.252870	82.511602
1	73.054022	69.507895
1	95.404303	98.080818
1	76.418899	55.819783
1	77.581843	59.236480
1	65.103880	49.524107
1	88.886311	33.110481
1	63.199119	41.370726
1	76.358535	66.228327
1	85.446750	24.251609
1	89.893702	57.720870
1	77.766617	78.124784
1	95.036041	93.756870
1	94.555656	1.854059
1	72.280857	35.615258
1	93.580719	20.097515
1	92.380559	57.876499
1	66.150661	68.632876
1	97.320603	92.653443
1	91.562233	89.930139
1	85.754742	35.449596
1	87.103459	13.441610
1	94.232829	37.790168
1	97.470528	10.982500
1	96.031260	71.069638
1	86.205993	10.585959
1	48.612685	92.629129
1	70.243328	97.717955
1	50.066605	93.824055
1	87.687647	90.579835
1	66.153795	68.918630
1	56.469676	68.790813
1	75.460498	68.469242
1	59.491963	81.459040
1	95.297836	12.038717
1	67.725956	67.129410
1	65.113434	37.334080
1	53.270991	96.221988
1	92.694827	18.099701
1	58.999574	81.366154
1	59.713996	80.786628
1	97.986837	68.880375
1	84.695803	22.498128
1	85.992748	33.384197
1	60.102651	61.581052
1	71.933467	48.417548
1	92.739328	59.090106
1	66.851938	36.453243
1	90.109064	46.983687
1	83.268766	58.731530
1	55.000424	98.661716
1	99.286420	23.050643
1	91.627014	26.746210
1	52.649946	79.967505
1	74.502040	89.901815
1	81.923260	51.597631
1	98.694195	37.458033
1	93.320739	54.637583
1	94.636392	78.651739
1	76.007383	99.262200
1	83.423992	39.744994
1	94.436605	14.338800
1	82.462235	18.576942
1	71.276767	15.094870
1	77.849673	79.097234
1	69.150054	63.815929
1	72.719837	28.781524
1	58.254295	59.474755
1	76.341552	90.500126
1	79.121083	94.624843
1	75.713988	99.027710
1	60.124714	99.667482
1	87.657030	46.331262
1	84.134574	18.039483
1	87.041577	23.230447
1	90.594865	20.211431
1	73.675480	69.445482
1	99.671037	64.684421
1	92.864030	92.948845
1	81.857088	61.838969
1	71.507049	84.227436
1	82.256029	53.866740
1	78.103341	77.178852
1	80.536130	13.347198
1	84.871583	80.915019
1	77.507356	91.985840
1	78.935547	70.849963
1	51.461957	82.101476
1	81.450457	55.024155
1	68.771975	44.380538
1	95.374257	17.928380
1	89.589334	93.583363
1	79.732797	19.838772
1	96.530768	7.199877
1	80.334755	18.372020
1	54.625997	72.504078
1	71.814362	91.700642
1	59.969782	86.172517
1	68.204244	27.515924
1	61.365483	53.594686
1	72.010781	17.129664
1	95.403746	24.391323
1	73.388321	85.594543
1	67.178014	62.448798
1	96.647316	68.784485
1	91.125073	31.766534
1	84.951351	41.402654
1	70.769610	99.931802
1	96.469695	45.963775
1	69.285381	71.814451
1	73.550404	46.953040
1	69.801004	34.749216
1	72.705462	45.623331
1	78.854896	94.903460
1	76.392671	59.072420
1	72.876082	84.731396
1	90.039907	9.098460
1	96.249490	50.068084
1	65.620695	93.316836
1	64.213890	66.157968
1	91.641404	14.072671
1	90.845122	32.359581
1	61.699823	96.601967
1	72.874857	80.269631
1	83.374087	82.070283
1	82.622635	84.087281
1	69.322309	18.584821
1	66.123569	30.504985
1	70.581961	68.002953
1	94.076773	74.074585
1	80.213047	78.156933
1	53.850657	81.067980
1	76.619931	2.058846
1	93.922388	16.411523
1	58.617432	63.762868
1	99.512767	88.903749
1	90.595060	11.249332
1	91.661856	13.550383
1	69.696904	74.166625
1	93.202280	29.559251
1	71.399856	88.396869
1	89.168168	69.240662
1	87.071532	91.373832
1	87.294224	36.298586
1	64.134399	44.752691
1	65.365485	68.992246
1	59.933025	93.432056
1	83.618604	83.516251
1	96.994141	18.026779
1	64.116982	93.264649
1	80.589253	63.686483
1	52.574039	88.577678
1	88.155394	30.548957
1	79.445774	92.849563
1	97.113710	46.458438
1	80.404063	39.468351
1	94.235818	99.939350
1	95.653126	22.256143
1	96.922362	54.162682
1	63.444843	56.158237
1	82.185568	25.228796
1	94.835864	47.328295
1	69.449858	89.474414
1	74.497692	99.809115
1	93.593654	81.741958
1	89.091080	59.529807
1	99.618569	12.859777
1	93.014401	80.942482
1	70.161361	75.104576
1	63.910906	71.274422
1	88.290367	69.385462
1	82.129651	86.949241
1	68.694154	80.184364
1	59.666928	71.730086
1	81.172129	92.158299
1	92.790213	5.665484
1	71.395500	82.506619
1	84.674754	15.229320
1	59.058236	55.049063
1	78.518750	63.899612
1	99.849043	16.644262
1	98.789419	61.459705
1	71.767580	21.160875
1	81.858151	84.853865
1	46.605915	99.668225
1	79.423765	10.602636
1	55.603765	81.675386
1	75.589018	43.880516
1	72.317355	87.559096
1	63.575343	61.686095
1	89.369645	99.211630
1	67.368223	95.530620
1	99.663378	40.329647
1	69.937242	72.412271
1	86.825817	80.712198
1	64.391746	94.643975
1	54.214108	70.506762
1	92.001863	40.151378
1	50.728109	87.044373
1	90.066401	15.203453
1	81.898862	14.793210
1	63.050343	97.743744
1	75.635772	19.299138
1	83.304616	69.221559
1	92.787032	12.131716
1	54.270901	97.253008
1	81.040988	71.335651
1	71.190302	16.144390
1	88.704965	91.755409
1	75.651771	77.209438
1	92.244221	52.048491
1	88.893348	57.910152
1	76.254803	62.966712
1	96.636517	57.560414
1	75.268754	51.498836
1	90.506606	44.362445
1	71.431601	97.070452
1	80.557414	63.198529
1	61.856383	86.609011
1	59.415373	59.779881
1	81.858815	0.630417
1	87.858644	6.657067
1	85.496628	60.875561
1	56.216410	87.128998
1	81.664338	93.891147
1	98.779902	23.391778
1	94.511820	17.929927
1	74.960272	92.121082
1	98.915790	71.089473
1	88.316494	94.396712
1	97.556046	6.108801
1	80.781625	79.350239
1	90.204835	9.730675
1	78.867667	17.353792
1	60.932848	65.706339
1	91.186293	64.157067
1	65.855956	51.873521
1	98.589164	97.345545
1	65.675401	66.493818
1	90.938471	83.486598
1	92.363838	90.391892
1	87.817292	52.680897
1	70.390035	97.690067
1	76.794018	88.661625
1	76.984535	20.478839
1	80.123173	95.834293
1	75.615891	43.082458
1	49.671428	88.964434
1	85.424494	49.175907
1	97.399114	86.923006
1	64.714397	55.816526
1	75.906636	89.366734
1	64.730612	67.893105
1	92.275740	35.682912
1	97.736744	72.914645
1	65.495608	54.177170
1	98.869463	64.530143
1	92.100206	69.902444
1	78.091656	99.874032
1	61.859403	47.336917
1	98.387770	24.700540
1	60.336546	81.804078
1	73.768091	44.343357
1	64.054657	92.448911
1	65.443954	95.190659
1	76.324097	20.786202
1	90.070028	47.617356
1	81.537925	43.302175
1	72.086746	46.494955
1	72.172265	29.979226
1	82.490931	16.529509
1	76.072138	94.402517
1	71.199201	97.587826
1	66.798289	51.954900
1	69.874893	70.691167
1	92.828287	17.466503
1	87.077124	43.723275
1	94.500552	56.780207
1	61.642771	88.543094
1	90.646433	68.947551
1	90.581882	28.789957
1	88.855073	10.067443
1	60.856498	70.475020
1	62.382945	66.520470
1	62.685382	59.423483
1	93.433708	25.021752
1	95.910949	51.585386
1	73.700296	29.971867
1	76.084256	17.646509
1	78.246487	10.920922
1	88.973963	23.150433
1	69.009714	27.625557
1	83.134185	32.728233
1	60.567752	99.696414
1	87.836589	2.242760
1	64.174404	77.065595
1	76.320804	60.698536
1	87.872801	22.792236
1	73.069802	57.810006
1	49.743626	93.696452
1	76.085730	47.431078
1	67.650609	93.594336
1	71.036397	31.043807
1	92.687501	15.575004
1	76.605775	63.381001
1	72.251682	20.945302
1	90.180702	38.895000
1	86.076996	26.246848
1	87.154626	35.216246
1	70.599163	19.424444
1	54.931967	79.923277
1	98.612633	66.483365
1	86.707746	24.973087
1	81.231641	82.432108
1	77.376931	84.165698
1	96.522813	86.745924
1	54.209724	97.537895
1	69.893713	41.965172
1	49.840994	97.109402
1	87.697283	49.987456
1	83.895463	24.884115
1	85.676925	8.953130
1	64.111025	50.915483
1	73.171388	54.997877
1	96.722408	55.965414
1	87.221108	48.083148
1	97.346095	6.810718
1	82.740157	94.440552
1	76.681843	88.149492
1	85.507180	99.579723
1	66.701189	68.340561
1	98.564947	4.068714
1	89.772976	45.056933
1	89.944989	84.749988
1	60.260985	50.537115
1	97.387777	81.206737
1	99.154228	51.096176
1	81.573122	88.139111
1	97.551649	51.793686
1	69.753004	18.658749
1	86.335817	95.652909
1	77.505489	64.490445
1	76.014573	47.952827
1	93.531277	6.905656
1	57.561745	84.665578
1	95.383636	3.628599
1	94.952478	54.766755
1	69.830519	39.401879
1	66.240522	88.791758
1	97.012224	31.703470
1	49.320463	89.422407
1	59.248007	88.235602
1	85.728683	52.782569
1	87.245202	46.724221
1	75.934747	84.119041
1	88.629418	77.237115
1	96.686861	33.517568
1	97.155148	85.079509
1	81.812429	8.101741
1	96.112608	41.498656
1	74.300462	31.464848
1	93.959121	47.102487
1	69.044170	39.884938
1	88.443516	64.122512
1	67.067471	92.800465
1	87.937895	53.981295
1	96.426158	51.686385
1	75.966849	23.735765
1	65.894394	84.193526
1	84.353746	41.901234
1	83.786745	92.535680
1	76.104871	99.411677
1	89.099570	27.359263
1	70.167876	38.483067
1	88.757778	64.969452
1	93.645594	0.065255
1	92.753785	84.041998
1	93.420926	45.771207
1	59.342065	88.622319
1	89.354373	82.584028
1	55.013985	87.371692
1	79.267206	14.895016
1	99.995222	63.773385
1	96.610849	82.458122
1	92.402210	82.300265
1	98.089777	88.610694
1	63.628551	57.202149
1	86.798763	51.048775
1	93.846747	68.834319
1	95.937863	70.230691
1	52.532964	91.453046
1	92.216895	84.266987
1	74.289825	76.328750
1	84.367616	69.302313
1	85.091493	50.140243
1	70.653197	29.835315
1	85.207215	89.904136
1	77.392214	9.353037
1	77.306048	54.124991
1	87.308003	35.016933
1	85.435585	4.622727
1	69.812216	73.504128
1	97.493406	64.859750
1	85.573763	1.337622
1	94.276495	63.197134
1	79.222479	80.882381
1	59.669068	90.502286
1	97.690314	64.203061
1	81.514479	42.680161
1	97.971192	58.501486
1	61.423208	82.289260
1	82.862138	24.837182
1	86.818728	68.599408
1	92.788376	8.388772
1	90.468749	41.319462
1	89.395844	7.688131
1	92.838216	89.947019
1	63.872504	46.572186
1	57.287321	65.826839
1	51.555164	98.333002
1	94.144275	74.887263
1	80.415853	65.044614
1	64.870220	78.441408
1	64.186945	49.822997
1	58.737192	74.479046
1	73.364819	5.341357
1	99.821432	92.680932
1	89.891658	51.278668
1	72.627492	98.738879
1	76.148398	71.565588
1	82.810267	59.074846
1	88.729675	86.420784
1	89.502107	58.967417
1	79.305826	59.258544
1	72.334218	84.655317
1	95.885817	69.725428
1	84.380992	86.554148
1	79.627974	10.501400
1	58.363260	98.480573
1	99.470556	2.166924
1	58.994657	80.366612
1	57.214428	73.149970
1	90.277589	31.286738
1	96.181102	69.099357
1	80.720646	40.884562
1	87.026323	22.468275
1	76.339961	32.547536
1	73.880536	80.530715
1	82.522884	84.427981
1	60.494892	64.346729
1	84.546589	90.230811
1	76.999110	20.311702
1	73.494852	25.836837
1	57.269921	75.669394
1	84.042388	6.833477
1	85.557752	25.852761
1	69.605762	89.778700
1	68.934183	22.806892
1	94.897581	82.258238
1	91.422775	84.542203
1	86.527028	74.547800
1	86.908280	87.093727
1	52.298823	83.361702
1	83.624156	70.715231
1	85.684085	98.007258
1	72.617526	38.700843
1	81.117665	82.560330
1	97.987546	93.915144
1	95.590571	32.147642
1	71.886004	32.436420
1	77.088939	87.375219
1	90.738593	86.754452
1	79.810837	20.580570
1	78.106642	61.331056
1	72.294705	89.272920
1	83.218274	10.180416
1	91.448393	93.647706
1	59.664674	68.292777
1	96.976055	66.967980
1	76.011980	26.484759
1	77.437365	71.984750
1	86.356146	30.439457
1	94.002605	69.775342
1	84.121910	17.545585
1	69.778475	89.374320
1	80.383476	89.034582
1	98.960934	94.148209
1	73.297691	41.670165
1	91.523595	1.115978
1	52.835499	82.081135
1	69.548189	75.810001
1	90.106182	37.484970
1	70.410474	76.218178
1	60.609314	50.490181
1	94.730257	47.111374
1	78.302735	24.314472
1	62.415742	64.800374
1	94.362990	90.014722
1	74.709244	52.485017
1	59.396710	54.096429
1	76.482387	65.795363
1	83.566171	54.906986
1	75.695605	46.762126
1	94.131144	88.856139
1	77.313915	89.033790
1	56.183467	90.480853
1	79.712969	94.414039
1	60.892858	60.382381
1	83.333483	64.250415
1	81.229859	62.336053
1	95.526880	53.163698
1	90.132252	44.736314
1	79.251505	11.566595
1	75.399206	3.888384
1	76.498673	82.032725
1	72.189055	90.072179
1	89.050596	99.605529
1	89.899191	76.419699
1	63.248999	44.887908
1	70.684552	94.489264
1	65.613970	37.003080
1	98.069707	96.239651
1	79.312624	23.722048
1	93.157871	12.482000
1	80.856326	43.855292
1	84.768782	89.872631
1	78.571814	43.046268
1	55.195511	71.463658
1	89.847586	36.083248
1	98.402790	4.382103
1	81.599840	47.461957
1	85.003863	88.236974
1	97.695578	68.087947
1	48.467788	93.911047
1	68.854741	75.931235
1	86.933581	62.444040
1	89.451608	13.172305
1	79.160047	91.129857
1	99.138666	35.184665
1	93.739507	30.731442
1	95.087723	89.606620
1	85.698511	37.012774
1	79.286308	96.975665
1	55.452523	74.467109
1	88.920798	60.429644
1	57.185520	91.685447
1	75.668780	90.195775
1	93.903481	45.061452
1	76.785785	12.774342
1	87.027035	81.665243
1	57.889310	74.438061
1	89.111390	31.137715
1	63.416314	90.492628
1	98.226965	94.529114
1	77.839611	63.151283
1	99.340707	63.095730
1	77.249231	14.109927
1	96.218319	6.352999
1	84.517429	82.207680
1	96.097826	48.674662
1	52.265569	89.332866
1	90.085320	7.505600
1	84.180921	55.297884
1	86.629584	1.438318
1	67.200457	57.759978
1	91.212620	91.630063
1	68.164011	76.815602
1	79.675225	70.728962
1	69.787669	59.741730
1	89.401740	4.472169
1	68.190865	33.820461
1	94.000269	52.357883
1	94.304104	63.830302
1	88.963658	96.547051
1	68.432675	43.951226
1	75.703404	52.567660
1	74.517384	56.481020
1	84.734760	64.235459
1	61.971026	88.348649
1	59.009610	57.763661
1	92.445065	87.907672
1	79.396620	82.532971
1	85.399486	91.562907
1	65.453105	62.767191
1	86.379870	24.149224
1	82.935130	68.250833
1	92.086134	20.420999
1	93.984160	25.123072
1	68.197126	79.618150
1	77.807424	65.718702
1	98.360890	44.353057
1	72.904558	21.081984
1	89.527195	30.117857
1	99.850164	28.925792
1	66.562327	28.051778
1	95.329185	12.387937
1	78.166054	44.448797
1	85.873577	98.874390
1	84.255175	86.268313
1	86.131661	70.261283
1	83.919441	28.894645
1	93.789710	55.311806
1	83.662637	7.918094
1	86.369557	57.565222
1	75.524712	92.818960
1	99.491339	22.390380
1	89.462829	79.976328
1	94.021103	96.886010
1	73.739931	43.612640
1	96.490469	58.106222
1	53.208410	95.218070
1	78.263245	98.559783
1	84.758220	96.503860
1	64.995641	50.583799
1	56.271505	99.868002
1	82.786217	15.113057
1	81.008118	86.304682
1	92.427947	87.994750
1	78.685471	89.937851
1	79.137021	79.730423
1	71.371292	36.595712
1	73.837099	14.602370
1	90.362468	4.434072
1	88.879558	41.601155
1	60.555559	50.335454
1	82.173956	57.329354
1	52.256181	98.566688
1	69.013615	25.579292
1	53.571699	84.647899
1	75.792978	73.142405
1	95.579434	34.842789
1	75.290465	18.599187
1	93.955783	24.567970
1	92.900125	2.095761
1	74.145858	99.423811
1	95.959812	59.350129
1	59.418196	67.994117
1	98.664314	76.914317
1	72.513430	46.115778
1	80.922596	86.651446
1	98.431680	9.302367
1	93.133479	47.837180
1	75.515228	0.199834
1	97.148823	48.097238
1	97.268736	39.763807
1	84.127173	71.969727
1	76.875400	82.805997
1	73.909947	4.926649
1	78.358250	48.330895
1	74.083598	15.826982
1	68.939952	57.622990
1	95.169196	95.946660
1	92.054665	18.025334
1	70.978824	59.426311
1	88.737722	44.426748
1	70.347031	24.642747
1	51.899410	81.760839
1	83.418697	20.002996
1	85.854881	72.641602
1	63.235682	50.493633
1	67.441699	90.126607
1	70.904186	63.598706
1	97.691099	21.836672
1	68.075288	51.867309
1	86.918069	51.785642
1	94.079935	98.292112
1	88.193028	78.328314
1	51.533217	97.054920
1	72.490388	67.505719
1	69.082617	69.627501
1	97.370243	84.752305
1	86.168859	1.498745
1	86.431672	78.899124
1	76.256347	90.123599
1	60.470937	57.075433
1	60.379483	58.663860
1	69.129938	33.890046
1	80.074556	39.423389
1	53.410291	73.089587
1	94.296558	20.355081
1	81.686973	70.237588
1	60.291022	95.465425
1	82.070253	62.239115
1	67.560664	60.842731
1	75.036950	26.725179
1	66.778141	45.369488
1	67.893838	82.283512
1	88.866620	23.848071
1	66.412541	50.409775
1	92.793834	85.866482
1	72.115271	23.728635
1	78.403056	61.523470
1	70.760750	64.054358
1	77.242238	68.175005
1	89.799228	81.340547
1	74.825964	33.536336
1	63.057472	40.310966
1	61.360965	99.936453
1	65.150010	93.537540
1	65.721097	60.869145
1	70.853181	72.604412
1	99.251898	11.703256
1	85.302462	58.363949
1	68.603682	55.693225
1	95.217102	23.344176
1	89.568094	94.932542
1	85.276424	93.043616
1	55.609831	85.536428
1	78.379607	38.782377
1	90.628005	62.592122
1	76.345534	12.729450
1	92.178373	58.714723
1	65.809893	58.220835
1	81.883885	3.225347
1	77.595858	17.436086
1	91.466235	97.193668
1	67.084415	75.339815
1	94.092955	41.851518
1	89.498185	18.271363
1	78.943786	67.751062
1	99.163640	16.358582
1	96.100922	65.804240
1	76.649644	81.712905
1	77.066039	74.457311
1	78.448324	68.418892
1	83.703223	76.784643
1	89.875593	61.239863
1	71.693166	21.267608
1	59.074935	80.987557
1	68.228369	70.213817
1	90.944025	36.078513
1	95.456374	11.644614
1	76.680782	99.069053
1	88.835811	59.602397
1	59.781969	86.495630
1	74.938830	17.927024
1	62.717742	49.050091
1	76.147776	76.678962
1	77.107480	27.631836
1	98.162586	42.764276
1	91.563008	78.386394
1	92.267232	0.750726
1	86.302806	88.515765
1	75.466574	33.261790
1	83.558669	40.110557
1	89.408311	98.209578
1	88.172023	44.111944
1	77.858192	67.915237
1	81.159139	63.187975
1	53.974864	76.398578
1	96.657406	57.355059
1	85.046067	76.008739
1	63.326206	85.416369
1	94.757569	43.267688
1	82.587099	28.475618
1	83.723764	76.548785
1	79.045486	35.485162
1	75.863369	56.161849
1	79.086765	13.521474
1	99.584693	51.053259
1	64.363459	49.779078
1	96.569867	78.762318
1	95.677042	19.730489
1	90.755825	95.056172
1	67.538061	59.174237
1	65.387238	96.726028
1	85.946341	9.197412
1	84.725811	16.107769
1	84.267651	29.634969
1	96.464951	3.143583
1	90.636872	80.552373
1	75.456756	95.818480
1	50.335244	92.858783
1	79.443892	72.814816
1	85.127900	81.341209
1	57.112091	64.211606
1	57.649495	84.942393
1	89.402617	95.600843
1	75.079041	83.510157
1	77.515146	82.500223
1	71.920680	72.567686
1	87.664772	64.547780
1	59.576332	85.363711
1	84.456081	74.020711
1	86.684835	54.950818
1	91.579535	70.127171
1	71.192390	75.379606
1	96.400415	2.750085
1	55.995316	93.557671
1	84.813372	61.807957
1	77.911736	44.391856
1	96.407406	71.049335
1	78.150742	1.814504
1	94.083909	4.873273
1	87.214510	69.486435
1	66.604967	64.296619
1	66.420032	87.017553
1	56.918978	75.464689
1	99.399077	95.894779
1	84.114485	99.841472
1	78.191747	39.033045
1	96.505715	60.881776
1	74.115778	51.021035
1	82.959863	63.585194
1	66.445273	41.698332
1	50.903283	97.677410
1	63.476116	48.848759
1	93.595200	65.261870
1	70.680585	78.530266
1	72.238205	82.957729
1	93.272112	91.909910
1	74.045218	63.035521
1	66.710126	84.148696
1	90.533666	86.729727
1	81.717367	90.376921
1	70.235511	51.261503
1	96.212485	0.519618
1	61.797384	82.570564
1	90.772549	95.945612
1	73.058819	31.899991
1	91.283334	59.958649
1	85.668037	77.607192
1	90.331280	93.491458
1	81.850828	7.109314
1	86.198640	15.747045
1	77.538215	0.593196
1	66.108295	91.808488
1	77.122307	16.914515
1	73.676214	50.208323
1	89.017759	46.968312
1	63.961267	58.836697
1	73.811434	70.078923
1	95.686839	8.110401
1	95.517840	68.391300
1	70.831395	49.340867
1	93.893799	23.675784
1	91.224831	1.759377
1	85.682078	32.565807
1	81.529023	34.285438
1	71.635214	16.357573
1	69.591817	95.714710
1	76.743980	26.078752
1	83.777944	26.394535
1	78.447533	25.741267
1	67.070370	31.476677
1	94.549755	36.716249
1	87.335462	82.561358
1	85.098894	39.391311
1	67.197220	53.983491
1	64.464530	92.635962
1	51.702755	86.825252
1	98.012104	35.998256
1	74.873103	20.166069
1	91.191532	3.101041
1	95.273114	87.653244
1	70.021611	55.783071
1	98.836190	61.080730
1	78.164666	58.828245
1	70.972339	37.548042
1	81.609138	13.630758
1	64.663464	96.917300
1	91.622575	39.278819
1	79.047984	74.427024
1	89.312523	73.469676
1	93.785795	49.167007
1	89.382854	72.631574
1	81.549658	61.049716
1	88.327678	91.663955
1	69.143644	62.563548
1	51.838145	92.828603
1	86.960730	25.401121
1	87.915477	71.533870
1	69.790021	29.469408
1	96.216577	37.884815
1	93.379253	30.851077
1	78.263050	98.989554
1	97.030250	40.156952
1	92.668671	73.478697
1	61.890677	73.383407
1	98.770417	6.441882
1	98.517995	90.239527
1	78.044125	29.211082
1	97.951685	72.732404
1	87.902384	51.482683
1	99.981105	12.481872
1	95.547209	31.442915
1	80.901977	50.194132
1	51.842173	80.430471
1	84.101143	11.723171
1	52.196861	92.232348
1	75.318436	66.303995
1	66.340420	74.091222
1	82.179315	36.038228
1	93.471417	35.023548
1	90.495385	33.751000
1	86.982618	51.729667
1	85.300846	97.605033
1	97.752693	1.263909
1	70.297580	32.930581
1	78.765363	47.337075
1	85.517814	97.027553
1	79.780466	77.838722
1	70.925416	78.695226
1	80.456706	20.863812
1	67.068954	25.954023
1	69.297083	20.650994
1	87.026825	70.353301
1	67.457105	83.433965
1	77.816887	72.897301
1	66.119444	37.460633
1	55.164215	91.992096
1	73.062243	29.911277
1	93.549146	37.260061
1	68.649175	92.130915
1	74.893240	82.287554
1	93.828587	55.163659
1	75.309516	0.186189
1	69.964450	45.455811
1	84.826512	96.754169
1	49.193768	87.332488
1	88.083408	50.784852
1	78.408207	53.886792
1	70.095276	53.472606
1	65.217330	54.595333
1	57.826840	73.048603
1	96.146639	81.564092
1	80.128904	64.901407
1	70.290643	99.710668
1	90.269437	11.954651
1	68.545488	71.699874
1	75.449402	52.281032
1	97.914908	9.452353
1	89.751963	5.267122
1	57.181956	80.364179
1	78.098938	33.347024
1	64.247652	61.370649
1	92.254198	9.533227
1	57.651418	68.586494
1	99.787259	42.123364
1	78.095280	95.444007
1	79.984357	17.257195
1	81.918125	75.866237
1	99.299530	13.561382
1	56.756759	75.625301
1	60.241364	81.753746
1	97.471674	91.622791
1	62.108083	71.710208
1	61.569257	76.673600
1	84.014568	91.319631
1	87.800849	37.445569
1	94.914519	72.256555
1	59.411644	52.185710
1	68.589586	49.773394
1	71.717240	29.844176
1	96.316537	39.866564
1	80.583563	58.776831
1	72.254265	33.128231
1	64.937012	94.379254
1	98.203201	96.430413
1	91.648172	66.516586
1	98.313862	98.833808
1	86.113726	32.882723
1	73.632662	29.071155
1	63.941841	68.592946
1	67.199956	77.261659
1	64.837720	51.109516
1	97.064333	8.762118
1	71.166687	38.613785
1	53.727628	94.660349
1	68.088267	46.960465
1	74.383893	88.594010
1	55.212346	93.727621
1	81.391260	95.013594
1	79.081865	31.025153
1	77.800527	67.658740
1	92.980436	35.331409
1	76.168053	89.237043
1	61.671542	93.003649
1	56.936099	83.186647
1	52.858086	80.935932
1	83.612526	20.406638
1	61.307602	54.564598
1	97.835885	45.080844
1	66.123066	35.516428
1	75.586790	65.121128
1	76.392589	79.865837
1	87.532752	53.029796
1	74.899735	31.329297
1	76.840114	22.594556
1	97.910660	40.866684
1	61.954005	70.987815
1	61.205042	64.939290
1	75.902060	5.897449
1	95.873419	28.714481
1	83.594611	75.238565
1	67.013381	96.312357
1	94.952020	70.216559
1	95.002271	82.047591
1	88.016855	41.653901
1	88.591495	44.211048
1	84.404239	24.772516
1	99.342587	21.818365
1	99.630816	97.805004
1	51.138155	93.141579
1	82.996534	38.344767
1	80.508981	25.005105
1	78.528853	22.978549
1	63.374791	72.925517
1	83.609110	56.469036
1	64.735387	64.626842
1	83.762454	69.524065
1	79.505394	52.096637
1	92.712073	17.425410
1	97.450397	89.925472
1	86.727593	47.123359
1	77.434489	56.927818
1	57.937626	58.639504
1	68.905041	84.598608
1	81.891182	87.593538
1	65.228616	78.130602
1	66.797796	91.081598
1	92.696200	60.710991
1	83.171459	66.498435
1	89.075906	11.200173
1	62.656942	59.442981
1	89.757585	16.168914
1	73.841781	23.429928
1	98.826881	26.603487
1	91.156626	41.250231
1	72.810809	79.634131
1	94.204740	81.288709
1	90.829031	62.561736
1	93.961236	60.251087
1	72.392243	73.083685
1	93.885225	99.814804
1	95.240372	55.357813
1	84.496203	91.670018
1	92.077303	63.647544
1	77.867423	49.822615
1	73.663565	66.350747
1	73.759580	76.897289
1	80.657114	81.528660
1	80.220965	10.182369
1	82.774790	22.123967
1	96.848287	72.338484
1	89.456214	8.579299
1	77.404359	93.513535
1	83.930887	31.212692
1	98.996560	77.582612
1	74.402006	61.627487
1	82.798276	20.567000
1	96.949759	88.860031
1	47.603256	93.936949
1	85.757988	70.479597
1	78.914034	35.417600
1	68.710658	37.296686
1	84.939474	89.380657
1	71.815356	97.283392
1	76.143047	57.235088
1	74.016460	90.173095
1	78.012468	30.799607
1	47.331053	99.303490
1	92.498428	9.750928
1	89.304776	8.755072
1	90.014038	53.967990
1	56.393576	63.131685
1	87.112781	41.758611
1	76.128091	51.150098
1	68.913562	39.495480
1	73.816724	89.134643
1	99.138747	95.689360
1	70.937125	57.303520
1	62.384625	42.648014
1	92.443956	51.659363
1	99.249626	88.819277
1	86.689817	8.694594
1	95.607005	22.920950
1	88.614306	90.561535
1	59.389060	76.667999
1	84.968126	45.318722
1	73.074946	30.231186
1	89.955395	75.779532
1	93.454597	9.291373
1	96.714362	9.790755
1	88.905699	21.611990
1	75.133550	98.834097
1	86.821610	79.904464
1	68.550588	95.744578
1	89.489459	72.506461
1	95.258097	79.356015
1	99.435396	73.552885
1	75.827007	68.793547
1	65.623731	69.492970
1	86.295132	80.819183
1	74.559140	26.375747
1	95.593287	48.815162
1	52.730665	95.348046
1	46.930093	95.424192
1	69.135145	42.891023
1	64.811178	51.921009
1	85.968826	86.865674
1	79.700717	64.222778
1	76.358774	75.839254
1	72.707167	74.925879
1	65.261686	79.235585
1	73.768600	18.616538
1	70.766304	28.101713
1	64.242530	62.602819
1	81.832027	77.576700
1	99.236205	92.543880
1	72.732761	76.717498
1	77.759218	2.609014
1	70.835813	39.262638
1	85.571652	38.289676
1	95.622173	24.778487
1	88.384754	14.480123
1	88.741921	67.884366
1	79.975395	80.818370
1	80.177076	1.369783
1	67.333711	28.976846
1	77.277007	63.176559
1	94.676011	39.386850
1	66.774034	63.240532
1	73.740044	85.421620
1	96.740567	88.471552
1	72.764258	42.333114
1	91.830708	47.824086
1	75.101749	83.696053
1	98.485050	87.077811
1	67.827185	31.071139
1	93.002599	84.776923
1	54.919370	68.777528
1	73.159499	46.248648
1	68.634741	93.768514
1	82.872263	89.801817
1	93.668957	96.354978
1	84.731285	90.097469
1	93.798134	7.901958
1	89.498137	56.383359
1	78.528524	71.561942
1	78.310622	49.852445
1	65.858156	38.230961
1	50.685633	87.614371
1	94.680328	75.802168
1	65.680641	90.227660
1	80.023751	95.150641
1	58.429896	56.229598
1	55.210798	83.230062
1	74.781652	79.643624
1	99.855196	98.533927
1	91.465755	13.881480
1	74.101901	40.992545
1	69.217872	92.947635
1	87.194257	48.280819
1	71.685572	47.183827
1	74.029959	53.166113
1	75.083475	71.111742
1	93.784102	55.675421
1	78.825099	86.850387
1	59.550899	95.407005
1	80.439130	49.636172
1	92.237599	61.902048
1	90.232810	95.949108
1	80.445416	10.987352
1	86.589372	65.271128
1	64.674411	65.750910
1	74.247977	4.772591
1	65.333936	93.286853
1	87.264189	53.022574
1	90.949271	72.022976
1	81.568129	11.132547
1	96.326372	61.094499
1	90.290159	55.275530
1	55.364380	93.896449
1	97.245825	68.496471
1	58.034324	86.595443
1	61.131873	95.546280
1	85.568143	30.008120
1	88.867866	29.331176
1	96.593311	44.854485
1	87.663319	49.820251
1	77.707021	50.923187
1	82.076193	38.716852
1	91.595694	72.334656
1	99.450117	86.891404
1	68.437677	98.493786
1	83.295779	64.710375
1	99.925612	64.520212
1	69.117267	88.116512
1	77.872164	8.888596
1	91.845767	30.683212
1	74.516325	14.812366
1	84.580611	37.315559
1	79.834342	0.876277
1	97.950089	65.488943
1	61.838857	94.017567
1	64.135132	40.575174
1	87.836974	66.301683
1	62.107363	79.875090
1	97.713990	76.232438
1	65.606404	77.746575
1	94.814870	74.084214
1	73.768722	71.021969
1	90.858824	37.463623
1	57.154500	79.531940
1	81.037030	69.027098
1	84.391447	62.848276
1	72.252029	68.519759
1	64.905065	57.922439
1	82.086398	39.379104
1	80.184763	65.546925
1	91.627123	10.747182
1	90.340772	16.307274
1	95.953107	49.221684
1	76.626282	14.082555
1	81.268826	64.587770
1	82.376589	99.998381
1	60.920067	52.076206
1	78.289781	36.099782
1	97.127827	26.238951
1	92.421259	48.460789
1	88.586529	3.810389
1	64.069336	98.127163
1	76.642202	99.959894
1	88.887708	13.291689
1	62.925918	48.647398
1	94.358087	36.733855
1	54.159786	99.697441
1	83.370634	58.315855
1	94.464370	89.684976
1	85.802793	20.675177
1	79.398001	28.206469
1	81.910056	34.222640
1	66.462083	62.367312
1	65.884823	48.799573
1	93.794877	94.446375
1	94.043894	19.605238
1	77.721346	85.479272
1	87.705736	60.330730
1	72.784689	91.793023
1	99.267572	11.287873
1	72.786815	33.978470
1	80.908145	4.736716
1	67.337591	74.334463
1	74.565431	89.516076
1	90.090271	28.594995
1	52.657463	77.022273
1	93.186054	16.947674
1	54.598187	89.335215
1	78.353017	54.163285
1	83.158079	80.114452
1	71.913380	75.320663
1	72.462960	57.429848
1	83.984802	31.950226
1	83.619815	11.044044
1	54.518401	87.554985
1	77.586641	30.802448
1	95.379289	56.449372
1	61.824754	57.325481
1	88.693679	34.082297
1	63.419368	94.564748
1	86.051318	7.283836
1	90.934051	58.034237
1	85.094398	29.870168
1	85.797315	25.025905
1	96.043078	28.046360
1	79.346261	40.237243
1	89.497566	34.073283
1	62.960421	43.543548
1	97.041602	84.490955
1	98.033254	54.206160
1	91.285780	57.377057
1	78.044487	8.668566
1	84.421822	37.395505
1	97.310297	64.324180
1	99.268089	90.613057
1	85.586382	16.720962
1	62.080422	67.804374
1	77.241914	9.024692
1	82.017516	16.458306
1	73.155873	29.526006
1	76.489615	44.229183
1	52.404392	84.470328
1	89.838563	45.605360
1	81.730905	10.915045
1	65.287692	90.608253
1	81.297026	29.403622
1	79.206354	67.759777
1	60.166704	70.446422
1	90.635438	51.836776
1	59.265954	68.199081
1	64.078265	60.077027
1	81.447752	97.711152
1	50.401835	85.179661
1	87.514647	14.360299
1	86.006801	68.406518
1	85.157810	78.029844
1	62.312888	64.201097
1	99.416642	57.300864
1	65.925753	86.950036
1	98.311491	98.432918
1	79.584483	65.376486
1	54.567154	69.396181
1	90.374154	2.317916
1	92.845834	31.653705
1	52.614887	91.449461
1	54.841837	98.564277
1	86.310388	12.809563
1	82.867883	22.873003
1	72.467906	29.944716
1	65.816688	38.487441
1	72.266695	78.900629
1	66.493598	71.734359
1	99.576377	21.735434
1	73.811704	71.874771
1	70.450120	63.244693
1	85.867821	60.507620
1	89.734669	75.825667
1	98.910475	30.199354
1	96.677972	84.979201
1	74.052509	60.861450
1	64.760131	44.837220
1	63.050885	86.046029
1	93.678448	66.346362
1	82.290097	97.693784
1	76.563071	0.965486
1	66.519365	57.447223
1	87.335221	64.513228
1	79.987247	64.406626
1	77.887604	36.252399
1	87.038529	79.269308
1	73.035489	93.400539
1	54.405260	74.826351
1	68.535221	97.543228
1	87.273723	39.306258
1	96.532585	95.284860
1	98.776653	31.399831
1	62.950605	61.039002
1	84.211386	17.257477
1	78.524840	99.229195
1	82.708830	6.548074
1	90.052838	95.183358
1	64.063828	53.536151
1	95.129907	45.167198
1	86.521746	13.938158
1	67.827070	93.674354
1	77.153673	43.784325
1	92.458540	80.843434
1	68.731202	43.807118
1	69.110096	28.894685
1	60.786872	88.445917
1	87.817357	69.871874
1	96.834457	21.378332
1	82.052776	35.636592
1	97.716445	15.933543
1	89.248768	17.198150
1	79.397031	33.400552
1	96.810446	3.687100
1	62.308780	52.150084
1	68.886223	64.880141
1	65.640254	97.124190
1	54.156025	91.961720
1	97.578901	60.446553
1	72.569771	8.771034
1	58.174665	96.161390
1	98.800005	82.581502
1	93.095280	37.149073
1	55.523068	71.923735
1	81.856691	98.858320
1	81.563859	94.760486
1	65.618341	50.101739
1	64.689329	62.967162
1	85.595115	3.440794
1	84.931878	80.030834
1	59.847633	82.633285
1	67.810733	70.265905
1	69.905556	83.074795
1	52.268665	79.325408
1	85.649499	5.694109
1	92.427061	27.647751
1	97.284121	66.170713
1	98.684030	48.608115
1	77.201338	79.796155
1	62.349517	80.204457
1	89.964715	28.789663
1	62.681200	95.632059
1	66.059355	30.111255
1	77.088917	55.293881
1	75.638884	93.085099
1	73.783287	68.880275
1	66.430252	86.640865
1	66.674676	70.086168
1	56.086599	90.914154
1	79.964043	75.380753
1	96.613512	51.375858
1	86.659874	63.840458
1	49.821494	85.421209
1	57.090459	82.907181
1	70.580062	36.340208
1	78.649336	29.811005
1	72.511276	33.383416
1	86.260940	29.212050
1	90.916669	2.979707
1	95.829721	75.328483
1	66.492771	67.971038
1	91.728947	74.290261
1	75.822433	96.379090
1	68.178261	98.194632
1	88.186989	21.096378
1	79.682038	93.560852
1	96.909407	81.842085
1	85.952772	45.629194
1	74.556852	69.493119
1	53.323449	86.811030
1	69.174559	29.893342
1	77.576592	81.474704
1	75.742985	47.336840
1	51.367168	97.511452
1	94.581767	89.253769
1	92.978010	18.328329
1	70.568826	64.265785
1	69.181147	41.824535
1	63.530904	66.680180
1	77.477822	4.404699
1	78.813743	83.004717
1	70.788490	65.329113
1	74.556065	65.892493
1	74.012005	21.551708
1	88.326456	61.730033
1	92.060698	93.918927
1	99.633634	83.436280
1	70.222846	34.022337
1	86.375619	55.683296
1	94.529852	65.069856
1	74.123595	90.020937
1	63.702511	74.769473
1	87.957284	72.003827
1	84.759166	49.717696
1	85.560912	83.138694
1	93.273329	65.457956
1	93.146703	56.746384
1	86.114877	69.376007
1	72.470428	73.361494
1	91.001956	57.856999
1	90.223215	66.234396
1	63.415316	86.641784
1	91.054124	78.339802
1	76.295377	42.622666
1	61.088297	81.824816
1	62.529662	83.842166
1	79.052685	34.124135
1	67.694872	96.288507
1	82.842307	71.058486
1	94.570602	20.291575
1	77.364115	54.580218
1	77.560197	10.639628
1	91.170852	21.483130
1	63.276765	42.088247
1	86.854239	54.663638
1	96.388676	74.738856
1	84.622983	98.971178
1	89.092290	84.958016
1	73.830885	77.890846
1	64.792729	67.454909
1	79.649312	7.076705
1	71.067209	67.351983
1	69.099949	29.143652
1	94.351417	13.503322
1	68.948084	87.798323
1	66.906209	97.268150
1	75.387303	45.640076
1	98.045821	22.536605
1	86.710984	13.151358
1	57.458289	95.082905
1	99.007049	58.291051
1	86.194768	81.407582
1	84.692668	50.536930
1	99.345602	26.436287
1	84.746079	63.064340
1	84.718549	68.565563
1	75.502213	85.773318
1	57.187543	82.320407
1	66.524422	65.724248
1	82.379163	75.124775
1	81.351594	53.167287
1	80.832790	67.474108
1	98.427065	30.982960
1	92.893863	3.634508
1	55.900533	87.506072
1	93.181960	62.454105
1	56.049029	66.557100
1	95.554885	52.653423
1	90.730641	80.290050
1	74.523618	62.128527
1	87.696479	75.681924
1	78.555401	3.989527
1	65.282612	94.989790
1	86.582467	12.299018
1	90.249843	70.386260
1	71.586731	98.114857
1	86.297526	29.498861
1	99.374524	23.224267
1	94.367598	31.953527
1	69.609327	42.378180
1	92.787050	69.108067
1	69.224394	90.939488
1	92.851880	16.809033
1	69.042479	58.537018
1	87.332540	64.715626
1	67.634061	67.409508
1	69.216413	64.971542
1	95.119546	9.806492
1	71.110675	40.843804
1	65.420515	79.447609
1	72.623025	92.849619
1	96.947349	93.796080
1	79.832632	60.514898
1	62.238331	83.734728
1	86.047047	22.618582
1	52.725914	89.161125
1	79.792389	89.655353
1	84.477901	88.288084
1	98.810105	40.276829
1	69.973603	18.799267
1	88.879063	60.566608
1	84.367268	12.808029
1	55.233648	66.927312
1	70.763880	89.170593
1	96.617335	18.285578
1	66.796419	37.752797
1	90.766586	19.827121
1	57.499587	69.197605
1	97.386060	71.422910
1	58.391498	69.966108
1	95.616823	81.554262
1	93.852545	8.917294
1	68.414560	74.145718
1	90.862179	98.325285
1	80.550692	82.301251
1	83.360682	5.711388
1	93.292049	41.978309
1	89.530710	8.224395
1	68.382424	52.355029
1	76.986880	68.849169
1	87.097630	66.031480
1	90.936346	59.046843
1	86.613622	12.901953
1	66.200515	91.470604
1	69.650987	78.620240
1	66.183171	54.978751
1	68.637589	75.438797
1	84.960329	62.295375
1	82.667051	39.383201
1	92.857928	53.677972
1	74.671427	81.581196
1	79.038516	86.251245
1	95.601688	98.097139
1	67.449322	97.711856
1	88.573566	16.199695
1	86.384822	70.367405
1	70.729143	71.275995
1	72.739960	72.519110
1	63.254390	67.334501
1	67.012523	30.966233
1	61.855516	67.415568
1	70.256082	28.311924
1	94.218402	66.112749
1	93.572219	82.310934
1	80.239944	77.223264
1	83.564452	47.501115
1	77.784245	63.652614
1	70.278162	62.162695
1	96.254302	14.256834
1	71.738380	96.023604
1	86.880213	75.376536
1	89.516776	50.449888
1	65.208503	85.021348
1	77.006346	85.613730
1	76.528954	62.380993
1	86.237554	7.412483
1	95.720504	1.034977
1	61.502112	55.195109
1	65.929754	61.979079
1	87.217555	95.952870
1	94.957049	44.356578
1	78.195126	96.615300
1	66.519870	77.559063
1	93.559750	37.576678
1	78.789376	62.528845
1	99.736560	93.652508
1	92.807868	43.993350
1	91.120183	96.233207
1	66.590469	34.094484
1	90.229751	88.151253
1	67.114952	62.709404
1	89.537300	95.904801
1	97.837293	79.501930
1	80.370330	44.671484
1	96.884475	17.714830
1	82.093253	10.132906
1	93.997575	81.075160
1	55.344903	92.956630
1	49.711690	92.396603
1	91.898988	76.838129
1	96.224478	8.531395
1	75.584127	33.933139
1	75.234049	85.461245
1	89.934455	56.016849
1	75.923651	30.332383
1	71.871734	95.069189
1	53.343460	90.029070
1	58.558741	81.643009
1	91.456126	22.625092
1	95.218073	60.983999
1	58.661376	65.576615
1	72.871156	72.871382
1	70.230811	41.063598
1	78.146357	27.922454
1	97.467820	12.250743
1	83.379041	19.690976
1	78.984157	69.500724
1	86.350628	56.563506
1	67.192056	59.724782
1	50.292942	84.149497
1	67.885480	32.619758
1	66.846763	27.359654
1	51.798123	84.848229
1	91.734615	4.658981
1	47.961891	92.444106
1	73.613611	54.818091
1	52.631133	99.429772
1	84.496301	45.698273
1	75.355112	13.725620
1	79.343563	13.019409
1	97.280562	60.354901
1	94.108851	97.651242
1	78.215673	65.723431
1	49.801302	92.099405
1	81.804180	57.568950
1	98.142549	57.777967
1	87.150092	43.982490
1	59.690435	88.533483
1	82.200655	50.178534
1	76.854181	24.556081
1	84.232178	44.942909
1	57.574845	79.446755
1	86.410599	21.171271
1	97.595685	20.227092
1	75.285258	33.909343
1	83.962952	27.082244
1	60.666208	92.696345
1	92.210224	85.063475
1	70.145398	25.093288
1	99.373372	29.574972
1	99.285531	34.125783
1	95.377967	96.678081
1	76.081374	69.347083
1	90.694127	7.975467
1	87.054934	28.780927
1	99.265450	77.713082
1	83.498665	26.365089
1	80.563966	82.074144
1	99.689312	8.882049
1	71.725676	81.240890
1	65.181914	44.818922
1	66.934937	39.512438
1	92.065808	93.228515
1	76.781055	74.563285
1	70.176043	87.633879
1	82.951974	68.292355
1	98.331433	18.547035
1	88.147245	43.107689
1	85.233622	73.198003
1	64.055383	98.992688
1	82.853071	93.059948
1	67.177681	64.911919
1	76.481817	96.474642
1	91.735462	43.646490
1	64.129156	82.547457
1	78.924540	59.005025
1	75.229570	38.731083
1	60.782826	64.501037
1	65.330078	44.806669
1	78.247020	84.294045
1	93.840181	11.588170
1	82.204049	88.871500
1	90.668602	4.507911
1	71.713976	51.172427
1	75.637377	75.742879
1	75.891529	26.448468
1	74.877258	28.430389
1	72.111109	80.767889
1	90.624395	28.663262
1	72.729950	89.651035
1	82.794018	77.763612
1	88.014289	5.383586
1	86.130557	47.942864
1	77.832027	64.266744
1	96.146697	9.440740
1	84.176548	67.719541
1	72.274600	91.434663
1	61.153403	76.046733
1	96.252247	54.499802
1	68.236507	35.982742
1	76.311690	62.523452
1	83.976902	81.615807
1	82.920467	2.053856
1	95.858587	45.120368
1	85.756333	1.297339
1	95.172054	59.177632
1	50.708951	89.072663
1	63.220694	77.420224
1	77.487454	24.205803
1	79.432788	78.029235
1	87.538147	97.948663
1	64.873034	53.678435
1	92.867318	18.653547
1	93.196146	10.098787
1	68.180946	76.403910
1	59.447900	82.346178
1	96.772322	50.951202
1	66.452755	30.975439
1	89.940574	51.233632
1	73.717503	72.326617
1	98.505408	99.263927
1	96.062681	20.629347
1	82.069774	3.626481
1	84.016560	9.934599
1	81.139527	33.829774
1	56.678667	86.944242
1	76.220583	62.779279
1	91.111537	1.848020
1	67.997327	24.699289
1	68.914331	45.554857
1	79.697341	50.119107
1	75.401524	59.329778
1	94.871377	81.992566
1	69.853511	29.342749
1	78.091268	42.365221
1	90.027805	88.713793
1	68.082199	53.786575
1	70.341378	89.326660
1	96.862706	26.078905
1	72.255179	69.226981
1	49.295095	97.420166
1	78.817791	40.716183
1	76.669503	91.883808
1	73.305962	14.782658
1	97.604567	49.018884
1	92.641181	55.064570
1	55.403967	90.298519
1	97.987542	57.087537
1	63.350167	59.731076
1	75.087153	33.123249
1	96.380979	38.486233
1	82.985930	14.290768
1	90.168609	29.204646
1	57.052665	67.644650
1	58.028355	76.309564
1	88.949388	84.934196
1	73.981141	40.769614
1	90.987685	3.672047
1	77.368642	87.563752
1	72.657410	95.725002
1	58.988122	90.128154
1	66.271658	32.389011
1	80.219085	20.185499
1	75.621923	22.402798
1	51.305495	87.494127
1	99.700931	49.503886
1	78.161756	76.099461
1	66.176214	65.189604
1	67.492524	41.995057
1	89.123116	25.790497
1	64.199597	50.828166
1	67.391378	51.920457
1	89.240853	25.882051
1	83.928616	74.843999
1	52.418805	91.193678
1	79.392994	3.012534
1	95.301918	77.409444
1	57.832826	88.571313
1	64.989812	73.232156
1	92.337797	37.884438
1	67.223025	37.043409
1	85.026308	86.412421
1	67.120118	46.170937
1	83.637868	19.570832
1	80.095551	8.376439
1	94.163117	66.910486
1	86.226580	35.016734
1	89.691828	6.859516
1	75.078592	45.037506
1	91.623629	8.331048
1	64.196030	50.613826
1	76.613177	12.914050
1	75.352086	36.122910
1	96.467185	61.811813
1	88.781338	21.304110
1	86.005471	54.345380
1	83.711841	53.380608
1	82.814362	77.796134
1	74.124679	86.664617
1	90.110399	8.520933
1	81.313831	92.412085
1	85.420408	87.946136
1	67.027981	44.452837
1	76.134264	74.722625
1	93.942095	54.047673
1	77.715230	9.248041
1	99.112623	11.867179
1	90.312223	77.736809
1	96.961534	27.751752
1	78.899099	40.647964
1	98.247475	24.178970
1	67.385538	29.002306
1	79.230706	24.740332
1	72.606696	45.688836
1	83.880674	85.663162
1	97.149844	20.882958
1	99.681638	75.063126
1	78.125768	81.511877
1	52.833291	81.111079
1	83.704289	32.096525
1	68.915582	58.076915
1	72.194337	9.036091
1	81.867738	82.088921
1	55.244739	79.677898
1	55.834539	66.653007
1	86.697441	92.965638
1	88.778100	43.576614
1	79.512130	88.069644
1	80.829075	84.935827
1	90.078418	8.488677
1	72.391744	13.624403
1	88.999054	14.741647
1	82.007997	56.278117
1	81.527858	54.532988
1	71.880796	56.704578
1	78.256271	48.993599
1	51.636403	92.353293
1	66.065744	30.267392
1	99.286842	57.164407
1	93.853943	59.012839
1	97.786009	42.207866
1	69.617386	20.899089
1	79.780528	53.142481
1	81.158955	57.459140
1	77.653368	25.440930
1	70.343383	23.237810
1	76.795136	93.846674
1	85.468335	38.739483
1	67.883811	78.741991
1	90.335648	87.874168
1	82.871176	89.991540
1	96.395806	38.694256
1	65.038232	79.782666
1	66.605257	79.113927
1	75.527745	58.048316
1	99.135252	49.781505
1	96.936181	95.787694
1	84.784272	25.044986
1	60.783954	53.377823
1	78.282436	48.136037
1	58.544270	92.655802
1	55.178924	72.018034
1	67.877929	38.130394
1	61.283428	45.793459
1	91.076515	6.331660
1	98.571744	54.971320
1	77.838195	92.659134
1	67.202626	76.933645
1	70.694512	21.447803
1	78.608503	75.332217
1	83.960177	31.204674
1	60.412234	81.163388
1	76.164228	17.930531
1	92.970971	15.106896
1	57.354559	63.112421
1	98.553622	4.293058
1	82.641899	93.122120
1	77.251365	38.042311
1	92.049736	62.733916
1	70.722689	81.973696
1	93.754054	38.200904
1	82.627428	33.972273
1	72.955015	56.690487
1	76.879973	80.515397
1	85.294783	41.720707
1	86.032668	75.791752
1	74.026964	29.145503
1	95.621352	42.912192
1	69.141988	37.795005
1	70.632123	45.864537
1	69.523416	35.638838
1	69.376441	71.695487
1	99.827502	90.754094
1	85.075287	77.841477
1	74.948007	45.281252
1	99.186315	92.629395
1	87.905401	44.522553
1	89.989395	57.662272
1	83.811945	89.676699
1	79.562653	5.656658
1	62.296232	83.107643
1	90.081849	17.843907
1	97.698148	42.255512
1	91.078415	38.704774
1	99.913663	17.948170
1	83.408728	53.909557
1	91.745764	54.296405
1	74.444609	97.586995
1	92.573715	96.253754
1	57.615082	92.790248
1	77.217079	31.355661
1	87.547818	37.355813
1	62.973173	55.320757
1	59.230099	77.921109
1	90.640749	73.563415
1	72.759991	96.147338
1	61.424729	81.350535
1	62.730173	87.673695
1	62.407266	82.865160
1	95.443468	12.381931
1	87.828935	31.868631
1	88.710545	65.041570
1	75.072232	88.509876
1	81.416693	44.132428
1	79.561965	76.523009
1	80.239667	55.355448
1	94.237513	82.956703
1	97.083876	92.496631
1	77.553209	23.045390
1	74.976183	3.040161
1	86.652219	69.068922
1	90.673242	51.761562
1	86.281610	6.258951
1	99.509998	76.002678
1	78.055231	37.560010
1	64.612597	95.618820
1	70.975090	94.170494
1	95.288896	37.190111
1	56.817403	64.587077
1	62.920223	54.467652
1	67.508687	24.380224
1	86.356054	95.255266
1	66.543646	49.196528
1	79.772681	74.153209
1	72.263003	93.728671
1	92.939001	65.390427
1	99.165476	99.011019
1	62.028637	87.914217
1	76.620085	51.815704
1	70.014434	59.032485
1	64.586099	82.282043
1	84.145616	45.422070
1	95.627233	25.494202
1	68.986067	81.620346
1	89.275131	77.067852
1	66.772098	98.695348
1	56.798368	74.654816
1	97.095434	85.745313
1	87.360012	43.268399
1	78.443275	67.814784
1	68.127558	50.255317
1	77.693120	96.886906
1	99.687931	15.588585
1	83.622661	59.144439
1	70.386213	74.020318
1	84.191702	75.282913
1	53.322616	92.702702
1	97.339642	13.012450
1	90.730892	42.377432
1	68.108602	64.761370
1	88.947932	3.401583
1	75.425702	56.824172
1	97.345855	11.873354
1	79.525971	34.608837
1	81.789811	90.295584
1	95.821956	29.904781
1	72.385335	40.502589
1	69.818440	59.085036
1	63.711562	39.113921
1	79.666771	75.389539
1	90.751189	64.453269
1	77.905485	14.146391
1	77.656267	74.608856
1	77.847669	27.724425
1	73.016096	56.791172
1	68.487457	62.972323
1	58.072630	57.468995
1	80.435547	59.526173
1	57.402095	60.969963
1	70.609223	16.930343
1	59.327204	75.479003
1	87.397475	94.847440
1	97.583442	96.653691
1	95.570976	40.591465
1	85.294735	38.430904
1	94.791769	18.682553
1	73.734901	74.014354
1	89.089955	77.259111
1	90.264491	9.176326
1	93.159980	56.303517
1	75.698627	33.573406
1	91.793587	36.974294
1	95.417963	45.821920
1	93.746872	83.677931
1	66.948926	69.474470
1	90.971782	57.496959
1	81.268779	37.047234
1	98.262749	35.809175
1	73.912315	69.482431
1	86.502654	18.355959
1	57.068273	99.337350
1	89.731876	88.358439
1	59.940099	61.210743
1	56.218397	83.880639
1	74.250709	17.584896
1	89.289444	7.313892
1	68.040530	98.700266
1	59.914014	62.494407
1	95.322351	95.619395
1	89.897868	73.391008
1	56.227474	77.371651
1	84.966880	40.919822
1	56.834027	97.199613
1	58.888467	62.682302
1	81.479237	50.778407
1	95.847852	66.575621
1	72.806993	98.819035
1	85.480226	14.638037
1	80.629816	86.983042
1	72.147380	37.697485
1	76.594752	94.096542
1	88.633788	58.262841
1	81.408132	0.428175
1	61.365630	96.026739
1	76.902363	35.913474
1	88.143155	7.282467
1	78.041510	66.660284
1	69.803272	37.485509
1	96.291769	56.215319
1	74.754315	21.171606
1	53.190214	98.559158
1	94.370541	54.680737
1	77.814002	24.864687
1	61.455210	78.834878
1	91.866789	63.374516
1	84.167536	35.455911
1	54.639754	71.279708
1	71.200278	86.905805
1	72.890432	63.167688
1	90.098470	92.577611
1	82.529671	84.494341
1	84.650690	91.109172
1	94.370544	39.759188
1	73.766603	21.977050
1	93.130221	19.009201
1	83.759889	11.265764
1	83.521389	12.400733
1	78.961691	40.853816
1	70.135323	59.367936
1	84.523773	65.907437
1	76.764682	20.858508
1	94.411575	15.246694
1	94.231729	35.412129
1	80.372579	91.400758
1	84.809790	2.114489
1	61.236877	56.539770
1	76.103001	53.538760
1	94.025845	85.091752
1	75.439314	66.510328
1	99.318998	47.429460
1	92.300864	65.327411
1	88.876079	87.422972
1	73.339691	33.333122
1	87.919634	55.832645
1	82.052117	94.855602
1	64.133237	41.467801
1	57.094323	92.792204
1	81.096661	55.491781
1	56.025014	68.503995
1	98.972256	53.611086
1	64.281604	49.853905
1	64.705836	69.681112
1	66.334961	92.647715
1	86.863503	12.879562
1	88.607954	61.361117
1	96.000857	5.426089
1	88.987848	31.666227
1	89.824692	79.644556
1	65.924031	46.516646
1	70.893850	67.866695
1	81.855311	42.166565
1	87.982316	82.554269
1	90.985045	71.423952
1	91.911479	0.507740
1	94.757971	32.606634
1	97.993087	36.187714
1	79.221470	13.680949
1	69.557567	66.206789
1	50.758961	95.309826
1	51.447986	80.016789
1	65.414172	99.338836
1	61.814014	71.551896
1	78.374983	64.650211
1	64.529158	34.585888
1	97.616291	60.333679
1	94.783632	53.483951
1	84.036755	33.862421
1	67.434267	34.446074
1	87.870926	80.339982
1	85.903263	90.766755
1	79.639159	3.609836
1	79.511878	15.906142
1	84.410233	93.061871
1	99.551807	10.664108
1	63.448545	82.807480
1	90.484606	87.626069
1	85.637804	98.944195
1	91.238095	31.059028
1	98.624910	24.959857
1	55.463692	91.201314
1	81.117693	54.948601
1	50.215833	99.180973
1	86.048071	40.305886
1	70.053936	74.218190
1	78.645027	1.803483
1	89.202912	98.381945
1	72.820335	10.364201
1	93.984179	94.655732
1	92.118058	77.368604
1	62.379257	98.177055
1	60.002794	97.976162
1	73.553669	42.728859
1	83.111743	45.408437
1	75.220535	67.496705
1	87.476422	28.347358
1	96.783625	58.944367
1	71.171976	56.922911
1	98.284820	68.930094
1	80.799430	5.830317
1	92.568931	45.902964
1	96.510843	43.059022
1	73.644594	90.616342
1	88.968038	14.727649
1	59.670566	97.502755
1	98.376267	21.167920
1	60.188685	66.243362
1	97.325457	28.537978
1	56.593660	87.197190
1	77.658071	72.204235
1	85.225940	97.799430
1	76.822171	75.099408
1	75.145662	6.990695
1	77.974149	58.853247
1	83.429283	28.816575
1	65.919657	55.229340
1	93.498101	73.340283
1	86.815850	98.601368
1	88.138915	3.524912
1	92.163684	12.215894
1	96.575717	34.105206
1	86.220426	2.451190
1	90.519537	56.501809
1	89.956717	49.863134
1	92.196277	14.525213
1	74.861849	40.897430
1	77.011773	79.452696
1	49.962719	98.788650
1	80.469785	93.235711
1	95.459542	55.219159
1	79.430616	79.682265
1	94.422881	31.237354
1	86.636104	32.013532
1	72.287154	65.982534
1	94.827742	11.711779
1	97.734814	65.263768
1	98.522684	74.038666
1	94.144670	40.786442
1	54.809141	81.463304
1	97.762133	49.735851
1	67.662441	91.350351
1	81.777335	96.216272
1	72.975524	70.071147
1	61.807378	46.989868
1	81.545503	45.294752
1	96.623585	86.628651
1	78.931348	27.593483
1	83.470288	27.730040
1	72.507594	61.488274
1	94.553034	51.948848
